stock_id,name,industry,close,day_change_pct,adv20,listed_ok,pe_hist_pct,value_pct,revenue_yoy,rev_month,bear_regime,value_ind_pct,momentum20,chip20_turnover,high52_prox,rev_accel,value_ind_pct_pool_pct,momentum20_pool_pct,chip20_turnover_pool_pct,high52_prox_pool_pct,rev_accel_pool_pct,composite,revenue_yoy_pool_pct,c2_score
6265,方土昶,電子通路,48.65,1.778242677824271,104124074.07500002,True,0.7157464212678937,94.86842105263158,465.95,2026-08-01,False,100.0,-14.798598949211913,-0.16521125589610464,76.13458528951486,-330.0132569222132,99.05548996458087,3.659976387249114,6.493506493506493,43.09327036599764,0.5910165484633569,30.578651951959493,98.34710743801654,84.20897284533648
8271,宇瞻,半導體,202.0,1.2531328320801949,323148665.975,True,0.2660989888238425,97.26973684210526,177.1,2026-08-01,False,98.48484848484848,-13.118279569892474,-0.15619567350778263,77.54318618042227,-3.813699842877014,97.63872491145219,4.6044864226682405,7.319952774498228,46.39905548996458,34.39716312056738,38.07187654383013,94.45100354191264,83.47107438016529
8112,至上,電子通路,82.8,0.12091898428052694,511275237.38499993,True,7.663650878126663,81.97368421052632,154.83,2026-08-01,False,84.61538461538461,-8.91089108910892,-0.3638650364779935,82.38805970149254,-84.99796792026237,85.9504132231405,11.80637544273908,0.23612750885478156,58.67768595041323,2.2458628841607564,31.783293001861665,93.74262101534829,81.64108618654073
4967,十銓,半導體,275.0,1.1029411764705843,827635586.675,True,0.9986684420772304,93.15789473684211,275.06,2026-08-01,False,97.72727272727273,0.5484460694698354,0.04107170529367567,90.311986863711,138.7902105341802,96.81227863046044,51.00354191263282,72.60920897284534,78.27626918536009,98.69976359338062,79.48021245893587,97.28453364817001,80.34238488783943
3260,威剛,半導體,377.5,0.13262599469496816,2171710484.2,True,0.05820721769499418,99.01315789473685,279.81,2026-08-01,False,100.0,-8.37378640776699,-0.12792042209106647,71.9047619047619,5.422855692855023,99.05548996458087,12.632821723730814,10.035419126328216,33.76623376623377,67.96690307328606,44.691373530831946,97.52066115702479,79.42739079102716
6716,應廣,半導體,114.0,-0.4366812227074246,82503231.35,True,44.381313131313135,51.64473684210527,111.75,2026-08-01,False,73.48484848484848,-10.9375,0.012121363182288574,82.9090909090909,20.282324396708262,74.49822904368358,7.792207792207792,59.85832349468713,60.2125147579693,86.87943262411348,57.848141542532254,90.67296340023613,79.3978748524203
2408,南亞科,半導體,519.0,2.5691699604743157,27545715271.9,True,63.56404136833731,34.80263157894737,560.85,2026-08-01,False,52.27272727272727,-3.888888888888889,-0.032632940167555365,95.93345656192237,-73.08471148427247,54.07319952774499,26.446280991735538,34.946871310507674,89.96458087367178,2.7186761229314422,41.62992176531829,98.8193624557261,79.10271546635182
5289,宜鼎,半導體,1290.0,0.78125,1766490737.75,True,0.15965939329430548,98.25657894736842,576.29,2026-08-01,False,99.24242424242425,-12.244897959183673,-0.08568391302709424,64.82412060301507,-60.0861557700789,97.75678866587958,5.785123966942149,17.473435655253837,19.00826446280992,3.309692671394799,28.66666108445606,98.93742621015348,77.47933884297521
2101,南港,輪胎,29.9,0.3355704697986406,45613712.79,True,0.22900763358778628,97.5657894736842,84.2,2026-08-01,False,100.0,-5.826771653543312,-0.130391003756272,75.79214195183775,-67.64648016640457,99.05548996458087,19.00826446280992,9.681227863046045,42.26682408500591,2.955082742316785,34.593377823551904,85.12396694214877,76.85950413223141
2451,創見,半導體,289.0,1.0489510489510412,660714156.375,True,1.5433741351782864,90.52631578947368,275.47,2026-08-01,False,96.21212121212122,-1.7006802721088436,0.022636522854446756,79.50481430536452,-46.08875735651844,95.63164108618653,38.84297520661157,63.87249114521841,51.2396694214876,4.373522458628842,50.79205986362659,97.40259740259741,76.357733175915
2820,華票,票券公司,16.85,0.0,54587745.28000001,True,0.21287919105907396,97.89473684210527,54.67,2026-08-01,False,97.94429708222812,1.2012012012012183,0.34847002041845526,94.39775910364145,38.724953800765675,96.98937426210153,52.892561983471076,99.76387249114522,86.54073199527745,94.08983451536643,86.05527504947233,74.2621015348288,76.22491145218417
7769,鴻勁,電子設備,5505.0,-1.43240823634736,6625875877.75,True,3.9603960396039604,86.25,91.58,2026-08-01,False,97.40259740259741,-15.177195685670261,-0.029744735882259857,66.64648910411623,-8.069788535505879,96.45808736717828,3.187721369539551,36.12750885478158,21.841794569067297,23.52245862884161,36.22751415788166,86.89492325855961,75.50177095631642
3708,上緯投控,樹脂,98.9,1.3319672131147708,47084688.56,True,1.06439595529537,92.76315789473685,534.57,2026-08-01,False,100.0,-2.0792079207920735,-0.07276853310935508,75.20912547528518,302.4199200937247,99.05548996458087,36.36363636363637,21.01534828807556,40.61393152302244,99.29078014184397,59.267837256231836,98.58323494687131,75.47225501770957
3135,凌航,半導體,158.0,0.9584664536741228,124354505.525,True,1.4336917562724014,91.1842105263158,237.79,2026-08-01,False,96.96969696969697,-12.70718232044199,-0.0897568403029386,60.65259117082533,40.411838093366896,96.1038961038961,4.958677685950414,16.883116883116884,12.04250295159386,94.68085106382979,44.933808937677405,96.57615112160568,74.9409681227863
3046,建碁,電腦及週邊,53.6,0.0,11041973.205,True,1.6534867002156721,90.19736842105263,41.05,2026-08-01,False,91.52542372881356,-5.467372134038803,-0.19495434381907972,83.75,-7.727736512437289,91.85360094451003,19.952774498229044,5.194805194805195,62.69185360094451,24.58628841607565,40.85586453091289,63.81345926800472,74.60153482880756
4973,廣穎,半導體,138.0,2.2222222222222143,96166293.75,True,7.687894434882386,81.9078947368421,204.03,2026-08-01,False,91.66666666666666,-9.803921568627452,0.004512565125211538,65.71428571428571,-5.794409089330969,91.97166469893743,9.917355371900827,54.54545454545454,19.952774498229044,28.60520094562648,40.99849001202966,95.51357733175915,74.3801652892562
6279,胡連,汽車組件,112.5,0.8968609865470878,52344175.55,True,0.9579563597658328,93.28947368421052,29.82,2026-08-01,False,97.2972972972973,-11.41732283464567,-0.12397158650433146,80.93525179856115,-6.586333798744242,96.22195985832349,7.083825265643448,10.50767414403778,54.42739079102715,26.47754137115839,38.94367828603805,52.36127508854782,73.98170011806376
3006,晶豪科,半導體,286.0,0.35087719298245723,4602189848.775,True,20.98765432098765,70.06578947368422,605.24,2026-08-01,False,87.12121212121212,6.122448979591836,-0.05199863170476743,91.66666666666666,130.35607996617523,87.83943329397876,72.72727272727273,27.508854781582055,80.87367178276268,98.58156028368793,73.50615857385682,99.05548996458087,73.7603305785124
6913,鴻呈,電子零組件,128.5,1.1811023622047223,58430124.375,True,1.2422360248447204,92.17105263157895,25.04,2026-08-01,False,99.3421052631579,-19.18238993710692,-0.21195608249242165,79.07692307692308,-26.15009718565905,97.87485242030696,1.2987012987012987,4.014167650531287,50.29515938606848,8.51063829787234,32.39870381069608,47.34356552538371,73.55371900826447
2501,國建,建設,21.1,-0.23640661938533203,47543715.4225,True,4.310803618946248,85.72368421052632,60.18,2026-08-01,False,85.96491228070175,-6.222222222222216,-0.25781985697282395,78.14814814814815,24.088834407749253,86.77685950413223,17.827626918536012,2.479338842975207,47.69775678866588,88.77068557919621,48.71045352670111,77.33175914994096,73.49468713105077
6753,龍德造船,機車船製造,133.5,0.7547169811320753,74751498.525,True,0.8101851851851851,93.94736842105263,40.14,2026-08-01,False,100.0,-3.6101083032490973,-0.05101125819079347,82.6625386996904,1.5359148468564285,99.05548996458087,27.744982290436838,27.863046044864227,59.38606847697757,55.7919621749409,53.96830979036008,62.69185360094451,73.34710743801654
2905,三商,百貨批發,18.3,1.6666666666666607,29268984.640000004,True,16.7985927880387,74.60526315789474,7187.4,2026-08-01,False,66.66666666666666,4.871060171919779,0.11789865962119997,97.08222811671087,4663.35352448985,67.76859504132231,68.00472255017709,91.02715466351829,93.38842975206612,100.0,84.03778040141677,99.88193624557262,73.25855962219597
2889,國票金,金融控股,16.5,0.6097560975609762,263085016.91500002,True,30.973922299095264,61.51315789473685,51.9,2026-08-01,False,100.0,3.773584905660375,0.15153916305089155,93.74999999999999,-4.119396817204667,99.05548996458087,64.46280991735537,94.45100354191264,85.59622195985833,33.687943262411345,75.45069372922372,72.25501770956316,73.11097992916174
1232,大統益,油脂飼料,153.5,-0.32467532467532756,13381278.525,True,5.375199574241618,84.11184210526315,34.56,2026-08-01,False,87.5,-1.9169329073482428,0.03676365920276749,91.0979228486647,3.765997700304922,88.25265643447462,37.42621015348288,71.19244391971665,79.81109799291617,62.056737588652474,67.74782921784856,57.26092089728453,71.9746162927981
6756,威鋒電子,半導體,98.7,-0.10121457489877805,11758741.55,True,46.924177396280406,49.53947368421053,96.94,2026-08-01,False,68.18181818181817,-1.2999999999999972,0.1595944186469424,87.73333333333333,24.37894014394216,69.3034238488784,41.086186540731994,95.0413223140496,71.54663518299881,89.00709219858156,73.19693201704807,87.95749704840614,71.93034238488784
6419,京晨科,光電及I/O,156.0,2.6315789473684292,24726115.625,True,2.7331189710610935,88.02631578947368,365.7,2026-08-01,False,89.33333333333333,1.2987012987012987,-0.021138785282979272,80.20565552699229,-29.074861791893284,89.728453364817,53.36481700118064,40.141676505312866,52.6564344746163,7.210401891252956,48.62035664743595,97.99291617473436,71.75324675324676
3311,閎暉,電子零組件,41.05,7.601572739187423,38745712.32,True,19.119878603945374,71.97368421052632,104.38,2026-08-01,False,90.13157894736842,25.92024539877299,0.06304827638485513,99.39467312348668,56.334195135893104,90.67296340023613,93.03423848878394,80.40141676505313,96.34002361275088,96.45390070921985,91.3805085952088,89.13813459268005,70.77922077922078
2344,華邦電,半導體,179.5,3.1609195402298784,18114969647.55,True,45.00665778961385,51.18421052631579,289.43,2026-08-01,False,71.96969696969697,-1.1019283746556474,-0.020246758083061946,80.85585585585585,32.47748646186841,73.19952774498229,41.91263282172373,40.61393152302244,54.19126328217237,91.84397163120568,60.352265400621306,97.63872491145219,70.77922077922078
8462,柏文,其他,158.5,0.9554140127388644,10494276.625,True,1.4696485623003195,90.98684210526315,16.75,2026-08-01,False,87.5,-7.309941520467836,-0.30005848821880166,88.3008356545961,-1.628960598874432,88.25265643447462,15.230224321133413,1.062573789846517,72.84533648170012,42.31678486997636,43.9415151794262,36.717827626918535,70.64639905548995
3498,陽程,電子設備,229.0,-2.553191489361706,670157158.575,True,34.33962264150943,59.14473684210526,326.05,2026-08-01,False,79.22077922077922,20.844327176781004,-0.03888775242026118,97.44680851063829,-37.05546756236794,81.10979929161746,91.1452184179457,31.87721369539551,93.74262101534829,5.4373522458628845,60.662440933233974,97.75678866587958,70.3659976387249
3229,晟鈦,印刷電路板,58.6,2.626970227670755,250733766.565,True,8.267716535433072,81.1842105263158,80.41,2026-08-01,False,100.0,5.776173285198561,0.002684729917269029,86.81481481481482,-5.011702848947124,99.05548996458087,71.19244391971665,53.60094451003542,69.53955135773317,30.141843971631204,64.70605474473948,83.82526564344747,70.30696576151121
6584,南俊國際,金屬製品,540.0,-0.5524861878453025,329848893.55,True,7.8590785907859075,81.64473684210526,37.66,2026-08-01,False,100.0,-20.821114369501466,-0.027089575963304715,67.08074534161491,0.6260286476840236,99.05548996458087,0.9445100354191263,37.308146399055495,22.786304604486425,50.945626477541374,42.20801549621665,60.2125147579693,70.27744982290437
1608,華榮,電纜,36.25,2.9829545454545414,70070454.94500001,True,1.210191082802548,92.30263157894737,17.9,2026-08-01,False,90.9090909090909,-4.227212681638049,-0.03929932728790203,89.39580764488286,-6.739049913324347,91.44037780401418,24.675324675324674,31.641086186540733,75.5608028335301,26.35933806146572,49.93538591217508,37.66233766233766,69.99704840613933
2605,新興,海運,35.55,0.4237288135593209,388929699.5925,True,0.8403361344537815,93.8157894736842,58.75,2026-08-01,False,100.0,1.4265335235378032,0.025486251927582932,82.0069204152249,9.87056100915256,99.05548996458087,54.07319952774499,66.11570247933885,57.497048406139314,77.42316784869976,70.83292164530076,76.15112160566706,69.65761511216057
8299,群聯,半導體,2150.0,1.6548463356973908,7599154574.5,True,21.60723789249601,69.21052631578948,376.52,2026-08-01,False,86.36363636363636,0.0,0.03729012322951788,74.65277777777779,24.829780544289576,87.01298701298701,47.4025974025974,71.42857142857143,39.7874852420307,89.83451536643025,67.09323129052336,98.11097992916174,69.37721369539551
2102,泰豐,輪胎,16.55,1.5337423312883347,13006774.4125,True,1.3071895424836601,91.77631578947368,29.99,2026-08-01,False,80.0,-10.78167115902965,-0.2370506642384972,78.62232779097387,24.325670409562097,81.99527744982291,7.910271546635183,2.5974025974025974,49.11452184179457,88.88888888888889,46.10127246490883,52.77449822904369,68.99350649350649
3709,鑫聯大投控,電子通路,65.2,1.8750000000000044,22011973.845,True,2.0755721128259714,89.34210526315789,76.06,2026-08-01,False,94.23076923076923,-3.120356612184241,-0.10440976557401853,70.18299246501614,-7.158793191806055,94.09681227863047,30.10625737898465,13.45926800472255,29.043683589138137,25.886524822695034,38.51850921483417,82.64462809917356,68.91971664698937
2388,威盛,半導體,73.0,2.528089887640439,338237335.685,True,36.38036809815951,56.776315789473685,77.39,2026-08-01,False,75.75757575757575,-0.4092769440654805,-0.06801054695657367,82.95454545454545,25.82560082836629,76.85950413223141,45.336481700118064,22.668240850059032,60.68476977567887,90.30732860520094,59.171265012657656,83.11688311688312,68.83116883116884
7744,崴寶,電子零組件,523.0,0.0,71514890.75,True,38.613861386138616,55.19736842105263,86.43,2026-08-01,False,78.28947368421053,2.1484375,0.15253467735813037,86.01973684210526,-19.902724512091254,79.5749704840614,57.85123966942148,94.68713105076742,67.53246753246754,10.99290780141844,62.127743307627256,85.8323494687131,68.77213695395514
4541,晟田,機車船製造,61.6,3.8785834738617186,67176501.915,True,2.74294670846395,87.96052631578948,23.57,2026-08-01,False,92.3076923076923,-5.954198473282441,-0.028149649187579808,81.37384412153237,-16.899195835628454,92.50295159386069,18.772136953955133,36.95395513577332,55.608028335301064,13.238770685579196,43.41516854089388,45.57260920897285,68.72786304604486
3081,聯亞,半導體,2695.0,1.6981132075471805,9771540814.0,True,82.04620462046205,20.19736842105263,180.9,2026-08-01,False,31.818181818181817,-18.456883509833585,-0.054562133178392674,78.68613138686132,19.041413989825998,31.995277449822908,1.4167650531286895,26.9185360094451,49.46871310507674,85.9338061465721,39.146619552809106,94.68713105076742,68.6835891381346
6209,今國光,消費性電子,81.7,0.24539877300613355,859259897.7800001,True,5.440900562851782,84.01315789473685,106.76,2026-08-01,False,94.73684210526315,6.51890482398957,-0.012483877925819564,84.05349794238684,15.684434569866326,94.51003541912632,73.43565525383707,45.218417945690675,63.75442739079102,84.04255319148936,72.19221784018688,89.8465171192444,68.66883116883116
6922,宸曜,電腦及週邊,221.0,-1.7777777777777781,36940165.3,True,24.857142857142858,66.64473684210527,58.98,2026-08-01,False,74.57627118644068,5.995203836930456,0.03608589698101498,98.22222222222223,-3.5830037944871833,75.5608028335301,72.60920897284534,70.95631641086186,95.0413223140496,34.988179669030735,69.83116604006352,76.26918536009445,68.5655253837072
7828,創新服務,電子設備,1885.0,-0.7894736842105288,708527791.5,True,25.454545454545453,65.78947368421053,192.14,2026-08-01,False,89.6103896103896,4.722222222222222,0.09272695553653648,81.0752688172043,-89.56925383248307,90.43683589138135,67.65053128689492,86.30460448642266,54.66351829988194,2.127659574468085,60.2366299078098,95.27744982290437,68.18181818181819
4771,望隼,醫療耗材,214.5,1.4184397163120588,43698095.55,True,7.779578606158834,81.77631578947368,70.64,2026-08-01,False,62.16216216216216,4.12621359223301,0.07335054842144051,97.94520547945206,32.77885859274407,63.04604486422668,65.64344746162928,83.23494687131051,94.33293978748523,92.19858156028369,79.69119210898708,80.99173553719008,68.18181818181819
2816,旺旺保,產險,40.3,1.1292346298619638,16576441.980000004,True,0.9157509157509158,93.42105263157895,19.61,2026-08-01,False,100.0,3.598971722365035,0.12685526356660828,98.41269841269839,19.505837381474826,99.05548996458087,63.75442739079102,92.20779220779221,95.39551357733176,86.28841607565012,87.34032784322919,40.49586776859504,67.79811097992916
6669,緯穎,電腦及週邊,2090.0,-0.4761904761904745,10880166223.25,True,0.0,99.63815789473685,50.36,2026-08-01,False,100.0,-70.97222222222223,-0.22224176234236873,26.794871794871796,10.568171168934924,99.05548996458087,0.11806375442739078,3.659976387249114,0.7083825265643447,78.60520094562648,36.42942271568965,71.19244391971665,67.70956316410863
6782,視陽,醫療耗材,242.0,3.1982942430703654,82938062.975,True,18.66235167206041,72.5,64.05,2026-08-01,False,45.94594594594595,0.2070393374741201,-0.045799415925951874,96.9939879759519,21.649800336407985,46.989374262101535,48.642266824085006,29.634002361275087,93.27036599763872,87.47044917257683,61.20129172353544,79.10271546635182,67.68004722550177
6024,群益期,期貨,60.4,0.33222591362125353,16607711.664999997,True,0.21287919105907396,97.89473684210527,7.8,2026-08-01,False,97.94429708222812,-2.106969205834691,-0.09186178286132624,92.63803680981594,-63.18413532862712,96.98937426210153,35.891381345926796,16.292798110979927,82.76269185360094,3.1914893617021276,47.02554698686227,26.623376623376622,67.62101534828808
2362,藍天,電腦及週邊,46.9,0.4282655246252487,36253822.245,True,0.21287919105907396,97.89473684210527,12.1,2026-08-01,False,98.30508474576271,-1.7801047120418876,-0.015772098875720814,90.36608863198458,0.6693685539758558,97.52066115702479,38.13459268004723,43.09327036599764,78.51239669421489,51.30023640661938,61.712231460780785,31.995277449822908,67.47343565525384
2059,川湖,金屬製品,12055.0,-0.4952538175815091,5749691753.25,True,97.17935071846728,4.8355263157894735,344.42,2026-08-01,False,14.285714285714285,-15.6993006993007,-0.054819610470951435,83.08063404548587,37.599178371829964,13.754427390791028,2.5974025974025974,26.68240850059032,60.80283353010626,93.85342789598108,39.53809998297426,97.87485242030696,67.45867768595042
7795,長廣,電子設備,488.0,-1.6129032258064502,632495655.025,True,80.95238095238095,21.052631578947366,111.5,2026-08-01,False,44.15584415584416,-13.47517730496454,-0.03290600204162258,73.27327327327328,33.147819099086476,44.98229043683589,4.368358913813459,34.47461629279811,37.07201889020071,92.43498817966903,42.66645454266344,90.55489964580875,67.06021251475798
4416,三圓,建設,13.35,-2.9090909090909167,19029314.8725,True,3.466204506065858,86.90789473684211,3633.03,2026-08-01,False,89.47368421052632,-4.982206405693958,0.03986413094761817,22.85958904109589,512.5474317886528,90.20070838252656,22.31404958677686,72.01889020070838,0.5903187721369539,99.76359338061465,56.977512064552684,99.76387249114522,67.06021251475796
1904,正隆,造紙,24.6,1.4432989690721598,43672936.42,True,46.93986162852581,49.44078947368421,23.12,2026-08-01,False,66.66666666666666,-2.1868787276341837,0.03756553537249126,95.53398058252428,8.50223866944771,67.76859504132231,35.41912632821724,71.54663518299881,89.37426210153482,75.88652482269504,67.99902869535364,44.98229043683589,66.67650531286895
3617,碩天,電子零組件,242.0,0.6237006237006293,84837001.725,True,17.91713325867861,73.15789473684211,13.31,2026-08-01,False,92.10526315789474,-0.6160164271047228,0.026663377311170917,93.07692307692308,-4.187385970071974,92.20779220779221,43.565525383707204,66.94214876033058,83.76623376623377,33.56973995271868,64.01028801415649,33.175914994096814,66.3961038961039
2376,技嘉,電腦及週邊,358.5,-0.9668508287292821,1993368469.675,True,35.44438531133582,57.56578947368421,98.43,2026-08-01,False,59.32203389830508,2.722063037249284,-0.03263719514742633,89.84962406015038,22.879661161603124,60.68476977567887,60.44864226682408,34.828807556080285,76.50531286894923,88.17966903073287,64.12944029965306,88.5478158205431,66.32231404958678
9917,中保科,保全,105.5,0.0,34541428.125,True,0.0,99.63815789473685,4.4,2026-08-01,False,99.6684350132626,-4.954954954954955,-0.115891929059093,86.47540983606558,0.4340458759357837,97.99291617473436,22.43211334120425,11.688311688311687,68.12278630460449,50.0,50.04722550177096,21.133412042502954,66.2042502951594
3305,昇貿,印刷電路板,106.0,1.4354066985645897,101679320.025,True,34.06067056945184,59.3421052631579,47.4,2026-08-01,False,90.47619047619048,-9.012875536480687,-0.10812304528334561,63.28358208955224,-13.476904307414522,91.02715466351829,11.688311688311687,12.868949232585598,16.292798110979927,16.78486997635934,29.732416734350966,69.185360094451,66.20425029515938
2305,全友,光電及I/O,68.7,-0.5788712011577268,803489374.8925,True,27.840416305290542,64.14473684210526,239.99,2026-08-01,False,69.33333333333334,136.89655172413794,0.026105976621365917,99.42112879884228,46.618267734044935,70.83825265643448,99.88193624557262,66.46989374262101,96.45808736717828,95.62647754137116,85.85492951063551,96.69421487603306,66.0271546635183
5880,合庫金,金融控股,26.1,0.19193857965451588,538526502.9525001,True,41.08568387440128,53.75,23.6,2026-08-01,False,92.3076923076923,3.366336633663372,0.23539388760572696,94.56521739130434,11.720192652703098,92.50295159386069,62.33766233766234,98.7012987012987,87.13105076741441,80.37825059101655,84.21024279825053,45.80873671782763,65.7762691853601
4167,松瑞藥,藥,19.85,1.534526854219953,13949203.39,True,1.7100371747211895,90.13157894736842,22.3,2026-08-01,False,80.85106382978722,-0.7499999999999929,0.018044304742243403,90.8466819221968,18.405747772744952,82.88075560802834,42.857142857142854,62.33766233766234,79.10271546635182,85.57919621749409,70.55149449733588,43.91971664698938,65.76151121605668
2103,台橡,橡膠原料,28.15,2.7372262773722733,124255029.17749998,True,19.954519613416714,70.98684210526316,21.79,2026-08-01,False,71.08753315649867,-0.17730496453900962,0.02530418703476382,97.74305555555554,-9.728036266514515,72.01889020070838,46.51711924439197,65.99763872491145,94.09681227863047,20.44917257683215,59.81592660509489,43.44746162927981,65.76151121605668
2364,倫飛,電腦及週邊,65.0,0.15408320493064398,16886175.729999997,True,0.4908835904628331,96.05263157894737,32.6,2026-08-01,False,96.61016949152543,-3.846153846153838,-0.11688587434581849,73.77979568671964,-15.457569019589045,95.86776859504133,26.80047225501771,11.570247933884298,38.252656434474616,14.657210401891252,37.42967112406184,55.1357733175915,65.61393152302243
3661,世芯-KY,半導體,3740.0,1.4925373134328401,9287289104.75,True,68.65353911655136,31.31578947368421,273.61,2026-08-01,False,48.484848484848484,-7.995079950799508,-0.07118456354443442,69.5813953488372,116.68196385695785,50.0590318772137,13.81345926800472,21.841794569067297,27.98110979929162,98.46335697399527,42.43175049751452,97.16646989374263,65.34828807556082
2031,新光鋼,基本金屬,46.5,1.7505470459518557,29631619.597500004,True,12.71745650869826,77.69736842105263,18.59,2026-08-01,False,82.92682926829268,2.4229074889867874,0.23531694279889473,99.89258861439313,-2.736354739117573,84.7697756788666,58.913813459268006,98.58323494687131,96.81227863046044,38.4160756501182,75.49903567311691,38.60684769775679,65.31877213695395
2548,華固,建設,91.6,-0.6507592190889477,98939809.405,True,18.946248004257583,72.10526315789474,139.53,2026-08-01,False,73.68421052631578,-2.3454157782516023,-0.10439842018817357,69.39393939393939,152.97563874048745,74.67532467532467,33.88429752066116,13.57733175914994,27.390791027154666,98.81796690307328,49.669142377072745,93.03423848878394,65.30401416765054
6532,瑞耘,電子設備,118.5,9.722222222222232,91001051.545,True,44.70463012240554,51.513157894736835,74.23,2026-08-01,False,74.02597402597402,32.84753363228699,0.1385729326328849,100.0,26.898258585036793,74.97048406139315,95.0413223140496,93.38842975206612,98.46517119244392,90.54373522458629,90.4818285089078,82.0543093270366,65.11216056670602
2072,世紀風電,基本金屬,131.5,0.0,37189842.65,True,9.448818897637794,80.0,84.84,2026-08-01,False,85.36585365853658,-8.680555555555555,-0.03281778081362361,41.87898089171975,-12.361210857151818,86.30460448642266,12.160566706021251,34.5926800472255,1.062573789846517,17.96690307328605,30.4174656205604,85.24203069657615,65.11216056670602
9925,新保,保全,39.55,0.25348542458807355,20588325.9125,True,2.12879191059074,89.27631578947368,6.57,2026-08-01,False,89.45623342175067,-0.7528230865746656,-0.2839569912430822,95.3012048192771,2.607518594457469,89.96458087367178,42.739079102715465,1.6528925619834711,89.02007083825265,59.21985815602837,56.51929630653035,23.84887839433294,65.02361275088548
4303,信立,石化,33.45,0.14970059880241582,29948215.784999996,True,4.712041884816754,85.19736842105263,52.27,2026-08-01,False,88.88888888888889,-14.230769230769225,-0.05873500681469295,43.89763779527559,32.55384210355251,89.43329397874852,3.896103896103896,25.85596221959858,1.6528925619834711,92.08037825059102,42.5837261814051,72.49114521841794,64.92030696576151
2382,廣達,電腦及週邊,333.5,-0.8915304606240682,4905305074.375,True,35.28472591804151,57.96052631578947,177.45,2026-08-01,False,61.016949152542374,0.30075187969924816,0.09145138370420823,79.97601918465229,40.23723195994049,61.747343565525384,49.23258559622196,86.18654073199528,52.30224321133412,94.44444444444444,68.78263150990423,94.56906729634002,64.84651711924438
5607,遠雄港,貨運倉儲,52.4,0.9633911368015502,48475029.955,True,22.299095263437998,68.48684210526315,33.5,2026-08-01,False,76.92307692307693,1.7475728155339778,0.11385150070126228,91.6083916083916,-2.6811252597010977,77.80401416765052,56.08028335301063,90.43683589138135,80.57851239669421,38.652482269503544,68.71042561564806,56.25737898465171,64.63990554899645
5209,新鼎,工程承攬,167.5,0.6006006006006093,26425795.875,True,15.699840340606706,75.03289473684211,92.18,2026-08-01,False,66.66666666666666,7.0287539936102235,0.017205989411355416,90.29649595687331,79.30186398439166,67.76859504132231,74.85242030696575,61.86540731995277,78.1582054309327,97.63593380614657,76.05611238106403,87.01298701298701,64.52184179456907
1402,遠東新,人纖,28.25,1.8018018018018056,241519747.1975,True,12.346993081426291,78.02631578947368,15.2,2026-08-01,False,88.88888888888889,0.5338078291814896,-0.01378024329751111,93.08072487644151,-0.7457933623721633,89.43329397874852,50.88547815820543,44.391971664698936,83.94332939787486,46.21749408983452,62.97431345787245,35.18299881936245,64.4185360094451
6996,力領科技,半導體,169.5,0.5934718100890191,10410077.85,True,11.670480549199084,78.6842105263158,6.91,2026-08-01,False,90.15151515151516,-5.307262569832402,-0.2025697809802252,83.7037037037037,-23.150006350531964,90.79102715466351,20.89728453364817,4.4864226682408495,62.573789846517116,9.33806146572104,37.617317133758135,24.675324675324674,64.28571428571428
4736,泰博,醫療耗材,130.0,1.1673151750972721,27594236.8,True,0.7982969664715274,94.17763157894737,42.69,2026-08-01,False,81.08108108108108,4.417670682730924,0.11577001583592703,89.3470790378007,31.73492107967187,83.23494687131051,66.58795749704841,90.67296340023613,75.20661157024794,91.725768321513,81.4856495320712,64.93506493506493,64.19716646989374
9933,中鼎,工程承攬,40.7,0.867410161090465,96321235.5525,True,0.4388370817334065,96.3157894736842,5.25,2026-08-01,False,100.0,0.2463054187192153,-0.023274947245030122,93.02857142857144,9.285465932441646,99.05548996458087,48.99645808736718,38.60684769775679,83.23494687131051,76.4775413711584,69.27425679843475,22.786304604486425,64.02007083825266
3706,神達,電腦及週邊,79.3,0.5069708491761693,811803435.9950001,True,63.06546035125067,35.42763157894736,119.89,2026-08-01,False,28.8135593220339,-13.897937024972853,-0.08637322037798753,74.11214953271028,36.37255607961896,29.043683589138137,4.132231404958678,17.355371900826448,39.07910271546635,93.61702127659575,36.64548217739707,91.73553719008265,63.93152302243212
2208,台船,機車船製造,19.15,0.2617801047120283,37438416.5175,True,21.518987341772153,69.4078947368421,55.64,2026-08-01,False,76.92307692307693,-0.2604166666666704,0.026110967544362613,78.64476386036961,25.41743098412412,77.80401416765052,46.162927981109796,66.58795749704841,49.23258559622196,90.0709219858156,65.97168144556926,74.49822904368358,63.84297520661156
6417,韋僑,通信網路,102.0,0.0,10312951.55,True,0.15965939329430548,98.25657894736842,34.27,2026-08-01,False,98.07692307692307,-3.7735849056603774,-0.20952569250666972,69.6245733788396,5.279138620674011,97.3435655253837,27.27272727272727,4.132231404958678,28.217237308146398,67.49408983451536,44.891970269146285,57.02479338842975,63.82821723730814
2466,冠西電,光電及I/O,124.5,9.691629955947146,169102974.275,True,28.249818445896878,63.68421052631579,59.92,2026-08-01,False,68.0,19.138755980861244,0.04217259499769914,100.0,25.543441590833744,69.0672963400236,89.49232585596222,72.72727272727273,98.46517119244392,90.18912529550828,83.98823828224215,76.97756788665879,63.75442739079102
3356,奇偶,光電及I/O,66.0,0.6097560975609762,18339972.95,True,1.5458422174840085,90.39473684210526,20.63,2026-08-01,False,96.0,6.623586429725366,-0.31424180602719826,96.20991253644316,-6.117038074543373,95.27744982290437,74.14403778040142,0.7083825265643447,91.1452184179457,27.77777777777778,57.81057326511872,42.26682408500591,63.63636363636364
6505,台塑化,輕油裂解,97.3,3.181336161187698,2348869375.0649996,True,10.64314171883893,79.14473684210527,50.29,2026-08-01,False,79.3103448275862,36.27450980392155,0.044657256273345325,100.0,16.591488466245707,81.22786304604487,96.45808736717828,74.14403778040142,98.46517119244392,85.1063829787234,87.08030847295838,70.95631641086186,63.54781582054309
9945,潤泰新,建設,29.45,1.376936316695354,157880512.67749998,True,20.915380521554017,70.19736842105263,37.99,2026-08-01,False,70.17543859649122,5.178571428571426,0.12720657622323817,96.24183006535947,14.801015127719904,71.42857142857143,69.185360094451,92.32585596221959,91.49940968122786,83.56973995271868,81.6017874238377,60.33057851239669,63.518299881936244
2399,映泰,電腦及週邊,48.95,-0.5081300813008172,269278293.98249996,True,19.517102615694164,71.57894736842105,40.0,2026-08-01,False,81.35593220338984,4.371002132196171,0.02932048724295678,89.0,26.53184626931973,83.70720188902007,66.46989374262101,68.24085005903187,74.14403778040142,90.42553191489363,76.59750307719358,62.573789846517116,63.488783943329395
2607,榮運,貨運倉儲,53.8,1.3182674199623268,16432364.734999996,True,25.38584353379457,65.92105263157895,49.39,2026-08-01,False,69.23076923076923,4.061895551257242,0.16260844641803054,90.72512647554805,10.921945987997333,70.4840613931523,65.17119244391971,95.51357733175915,78.74852420306966,79.43262411347519,77.8699958970752,69.89374262101535,63.488783943329395
5340,建榮,印刷電路板,81.0,0.6211180124223503,268994448.96000004,True,9.313464608834487,80.13157894736842,47.77,2026-08-01,False,97.61904761904762,-4.481132075471695,-0.040299630807060956,60.447761194029844,7.437722511910231,96.69421487603306,23.73081463990555,31.16883116883117,11.688311688311687,72.81323877068559,47.21908222875341,69.3034238488784,63.488783943329395
2491,吉祥全,家電製品,40.8,1.492537313432818,75949124.95750001,True,2.051282051282051,89.40789473684211,10.9,2026-08-01,False,88.23529411764706,-27.659574468085108,0.009100898885410312,72.34042553191489,2.540079609151782,88.90200708382527,0.3541912632821724,58.087367178276274,34.5926800472255,59.10165484633569,48.20758008378898,30.696576151121608,63.459268004722546
6605,帝寶,汽車組件,137.5,-0.36231884057971175,35632751.45,True,7.982969664715274,81.51315789473685,28.25,2026-08-01,False,86.48648648648648,-1.079136690647482,0.2769223531063212,81.84523809523809,9.257464016727273,87.13105076741441,42.03069657615112,99.17355371900827,56.78866587957497,76.35933806146572,72.2966610007229,50.76741440377804,63.164108618654076
6227,茂綸,電子通路,132.0,-2.941176470588236,195888730.0,True,48.27035657264502,48.125,168.86,2026-08-01,False,53.84615384615385,16.8141592920354,0.0820056120941624,96.0,69.20873829491252,55.72609208972845,87.48524203069657,84.6517119244392,90.25974025974025,97.16312056737588,83.05718137439607,94.09681227863047,63.14935064935065
3066,李洲,光電及I/O,29.2,-1.016949152542379,55213187.57000001,True,2.0341207349081363,89.47368421052632,18.89,2026-08-01,False,93.33333333333333,6.181818181818179,0.0500815285587776,96.68874172185431,16.00818417639429,93.27036599763872,72.84533648170012,75.6788665879575,92.56198347107438,84.51536643026006,83.77438379372616,39.55135773317591,63.13459268004723
6199,天品,其他,127.5,1.1904761904761862,419316281.69,True,35.459004905395936,57.49999999999999,171.7,2026-08-01,False,54.166666666666664,36.65594855305467,0.0018501286723630712,100.0,-149.97516094977368,56.31641086186541,96.57615112160568,52.892561983471076,98.46517119244392,1.1820330969267139,61.08646565126255,94.33293978748523,63.13459268004722
6146,耕興,檢測驗證,181.5,0.8333333333333304,48316560.2,True,26.71633847791378,64.73684210526316,10.46,2026-08-01,False,100.0,-5.714285714285714,-0.1668543274374026,76.10062893081762,-0.8194496355007832,99.05548996458087,19.126328217237308,6.375442739079102,42.857142857142854,45.62647754137116,42.608176263882264,29.515938606847698,63.07556080283353
6651,全宇昕,半導體,146.0,-2.9900332225913595,28300315.15,True,78.3527696793003,23.94736842105263,62.34,2026-08-01,False,35.60606060606061,-2.990033222591362,0.18113151822214468,86.3905325443787,16.26527385361331,36.481700118063756,31.05076741440378,96.81227863046044,68.00472255017709,84.98817966903073,63.46752967642716,78.74852420306966,63.04604486422669
5263,智崴,其他電子,89.1,-0.5580357142857095,24210466.31,True,67.46987951807229,32.23684210526316,216.56,2026-08-01,False,32.29442970822281,-10.45226130653267,-0.07292745475411067,71.28,85.25827154098522,32.70365997638725,8.736717827626919,20.77922077922078,31.995277449822908,97.87234042553192,38.41744329171796,95.86776859504133,62.95749704840614
6831,邁科,電子零組件,471.5,-4.1666666666666625,464857731.95,True,4.411764705882353,85.59210526315789,29.1,2026-08-01,False,98.02631578947368,-23.951612903225804,-0.09677447178998447,49.32008368200837,-0.7817565895040879,97.16646989374263,0.7083825265643447,15.348288075560804,3.3057851239669422,45.8628841607565,32.47836195611824,51.47579693034239,62.80991735537191
6953,家碩,電子設備,245.0,1.6597510373443924,12846778.8,True,28.10344827586207,63.881578947368425,36.66,2026-08-01,False,85.71428571428571,2.083333333333333,0.12578273100452625,83.76068376068376,2.2215726192626093,86.54073199527745,57.73317591499409,92.08972845336481,62.92798110979929,57.68321513002365,71.39496652069185,59.38606847697757,62.78040141676506
6215,和椿,電子設備,97.7,0.5144032921810648,53766727.394999996,True,60.510910058541775,38.09210526315789,132.82,2026-08-01,False,66.23376623376623,-0.711382113821141,0.018459266281545768,72.37037037037038,65.98342476256819,66.82408500590319,43.32939787485242,62.455726092089726,34.710743801652896,96.92671394799054,60.84933334449776,92.68004722550177,62.72136953955136
6781,AES-KY,電子零組件,1020.0,0.990099009900991,365384434.75,True,25.27881040892193,66.1842105263158,26.64,2026-08-01,False,86.18421052631578,-9.734513274336283,-0.04214429109810966,68.0,-0.17879063915250626,86.89492325855961,10.271546635182998,30.342384887839437,24.85242030696576,47.75413711583924,40.02308244087741,49.40968122786305,62.721369539551354
3231,緯創,電腦及週邊,184.5,-0.5390835579514808,9758986056.325,True,56.78552421500799,40.98684210526316,166.48,2026-08-01,False,35.59322033898305,3.651685393258427,-0.05351532805403464,93.18181818181817,72.78317937814658,36.36363636363637,64.1086186540732,27.036599763872495,84.53364817001182,97.39952718676122,61.888406027671024,93.97874852420307,62.69185360094451
6667,信紘科,電子設備,262.0,1.158301158301156,125377320.55,True,30.548163916977117,62.03947368421052,69.06,2026-08-01,False,81.81818181818183,18.552036199095024,0.07073589078932081,89.1156462585034,54.06857755774433,84.06139315230224,88.90200708382527,82.17237308146399,74.49822904368358,96.2174940898345,85.17029929022192,80.6375442739079,62.573789846517116
3189,景碩,印刷電路板,970.0,1.5706806282722585,17040263652.85,True,79.07711757269279,23.157894736842106,40.58,2026-08-01,False,64.28571428571429,7.897664071190211,0.06508326369362824,100.0,4.345905793281723,64.81700118063755,76.38724911452184,80.87367178276268,98.46517119244392,63.23877068557919,76.75637279118904,63.04604486422668,62.485242030696575
2436,偉詮電,半導體,74.5,-1.8445322793148922,459344732.41499996,True,5.002660989888239,84.80263157894737,32.15,2026-08-01,False,92.42424242424242,10.37037037037037,0.0383593772067454,92.54658385093167,1.0303400204212885,92.68004722550177,80.04722550177095,71.78276269185359,82.52656434474616,53.07328605200946,76.02197716317639,54.42739079102715,62.396694214876035
6739,竹陞科技,電子設備,1135.0,0.8888888888888946,415092389.0,True,30.218687872763418,62.30263157894736,96.73,2026-08-01,False,83.11688311688312,-0.43859649122807015,-0.001802170179553824,66.37426900584795,-2.386146435452787,85.00590318772137,44.8642266824085,50.0590318772137,21.251475796930343,39.83451536643026,48.20303058214083,87.83943329397876,62.3081463990555
6561,是方,通信網路,307.0,-0.4862236628849326,19060948.5,True,0.7450771687067589,94.63815789473684,16.38,2026-08-01,False,96.15384615384616,-4.8062015503875966,-0.0013391103398918995,75.06112469437653,1.514121451529153,95.51357733175915,23.258559622195985,50.649350649350644,40.37780401416765,55.55555555555556,53.0709694346058,36.18654073199528,62.20484061393152
3037,欣興,印刷電路板,1175.0,0.8583690987124415,21965391058.5,True,87.01436934539649,16.67763157894737,56.26,2026-08-01,False,47.61904761904761,5.8558558558558556,0.054586382275985244,99.15611814345992,10.839469537450789,49.05548996458087,71.60566706021253,76.62337662337663,96.1038961038961,79.19621749408984,74.5169294492312,75.20661157024794,62.190082644628106
8383,千附,電子設備,68.4,1.183431952662728,72158756.17,True,26.00116076610563,65.0657894736842,73.6,2026-08-01,False,87.01298701298701,3.4795763993948734,0.0013283909009349868,75.6637168141593,-43.467626833301736,87.72136953955135,63.04604486422668,52.77449822904369,41.79456906729634,4.846335697399527,50.03656347950351,81.81818181818183,62.0720188902007
2207,和泰車,車輛買賣,509.0,0.5928853754940677,134388996.75,True,0.24390243902439024,97.36842105263158,10.57,2026-08-01,False,97.41379310344827,-2.1153846153846154,0.0045665896277565406,81.96457326892109,-14.370130183878977,96.57615112160568,35.773317591499406,54.66351829988194,57.26092089728453,16.19385342789598,52.093552267633505,29.811097992916174,61.968713105076745
2836,高雄銀,本國銀行,12.1,0.8333333333333304,21333146.845,True,33.31559340074507,60.0,-1.54,2026-08-01,False,100.0,0.41493775933609073,-0.06459418916909934,93.07692307692308,-16.023151198865047,99.05548996458087,49.82290436835891,23.73081463990555,83.76623376623377,14.066193853427897,54.0883273185014,14.403778040141676,61.850649350649356
6834,天二科技,電子零組件,109.0,-3.111111111111109,628394649.1850001,True,35.62753036437247,57.36842105263158,114.3,2026-08-01,False,80.92105263157895,15.71125265392781,0.012066938022927805,82.57575757575758,24.631954920615243,82.99881936245572,86.18654073199528,59.74025974025974,59.268004722550174,89.71631205673759,75.5819873227997,91.26328217237308,61.835891381345924
4114,健喬,藥,29.55,0.8532423208191142,16110571.3325,True,22.51197445449707,68.38815789473685,49.88,2026-08-01,False,50.0,-1.1705685618729027,0.11300010597505368,85.40462427745665,3.095072681390647,51.82998819362455,41.79456906729634,90.31877213695395,66.58795749704841,61.22931442080378,62.35212026314541,70.4840613931523,61.77685950413223
3680,家登,電子設備,555.0,1.2773722627737127,1121897660.15,True,36.73580786026201,56.51315789473684,49.94,2026-08-01,False,77.92207792207793,11.0,0.09366101347302096,90.09740259740259,-3.2477221803883864,78.98465171192444,80.28335301062573,86.77685950413223,77.33175914994096,36.28841607565012,71.9330078904547,70.6021251475797,61.65879574970485
2374,佳能,消費性電子,67.2,1.5105740181268867,141099961.82499996,True,20.722891566265062,70.32894736842105,34.7,2026-08-01,False,89.47368421052632,-2.608695652173909,-0.023133450940795032,71.03594080338267,-4.560264549815301,90.20070838252656,32.70365997638725,38.72491145218418,31.40495867768595,31.914893617021278,44.98982642116105,57.497048406139314,61.59976387249114
6805,富世達,電子零組件,2455.0,-2.385685884691846,3186677177.0,True,44.714285714285715,51.44736842105263,29.14,2026-08-01,False,74.3421052631579,4.690831556503198,0.07201956879200545,94.42307692307692,2.8515106536876544,75.20661157024794,67.41440377804014,82.64462809917356,86.65879574970484,60.047281323877066,74.39434410420873,51.59386068476978,61.511216056670605
6840,東研信超,檢測驗證,98.9,-0.6030150753768782,50999032.925,True,52.24719101123596,45.131578947368425,10.8,2026-08-01,False,83.33333333333334,0.5081300813008129,0.05769259411902456,91.57407407407408,-4.45678713563515,85.30106257378985,50.413223140495866,78.63046044864227,80.40141676505313,32.62411347517731,65.47405528063169,30.22432113341204,61.37839433293979
5475,德宏,印刷電路板,179.5,-0.5540166204986097,933298516.925,True,84.36293436293437,18.22368421052632,271.88,2026-08-01,False,52.38095238095239,-10.696517412935323,-0.0355093011250655,44.875,39.882941633994164,54.19126328217237,8.382526564344746,33.057851239669425,1.770956316410862,94.32624113475178,38.34576770746984,97.04840613931523,61.15702479338843
6442,光聖,通信網路,1490.0,-0.666666666666671,4228314163.0,True,58.940809968847354,39.14473684210527,152.24,2026-08-01,False,48.07692307692308,-7.739938080495357,-0.021188990503845005,62.869198312236286,84.52506953094839,49.82290436835891,14.403778040141676,40.023612750885476,15.702479338842975,97.75413711583924,43.54138232281366,93.5064935064935,61.15702479338843
2357,華碩,電腦及週邊,961.0,-0.20768431983385627,3127200316.85,True,59.65939329430549,38.68421052631579,51.17,2026-08-01,False,32.20338983050847,-0.41450777202072536,0.05344073003158133,93.7560975609756,-2.205030979541803,32.467532467532465,45.218417945690675,76.38724911452184,85.71428571428571,40.42553191489361,56.04260343138486,71.42857142857143,61.09799291617473
3290,東浦,電子零組件,52.2,9.205020920502104,33536872.2125,True,5.530216647662486,83.8157894736842,79.8,2026-08-01,False,96.71052631578947,5.989847715736047,-0.09955028532496664,73.21178120617111,-6.324320333481978,95.98583234946871,72.49114521841794,14.521841794569069,36.835891381345924,27.18676122931442,49.404294394623214,83.70720188902007,61.0094451003542
3485,敘豐,電子設備,209.0,3.9800995024875663,17823208.575,True,17.82178217821782,73.35526315789474,29.91,2026-08-01,False,93.5064935064935,-10.683760683760683,0.056185218973399516,54.075032341526516,-0.29102263443702014,93.5064935064935,8.618654073199528,77.44982290436836,6.375442739079102,47.635933806146575,46.71726940585741,52.6564344746163,60.979929161747336
9927,泰銘,基本金屬,70.1,0.28612303290413976,10294624.47,True,43.13099041533546,52.5,25.59,2026-08-01,False,53.65853658536586,1.4471780028943562,-0.11082060544777965,98.04195804195803,-21.463740438457645,55.25383707201888,54.30932703659976,12.396694214876034,94.8051948051948,10.16548463356974,45.38610755245185,47.93388429752066,60.920897284533645
2323,中環,光電及I/O,11.0,2.8037383177570208,51779676.322500005,True,2.5233644859813085,88.35526315789474,20.09,2026-08-01,False,90.66666666666666,0.9174311926605472,-0.011771104568832853,83.96946564885496,-0.5123849715071316,91.1452184179457,52.42030696576151,45.57260920897285,63.400236127508855,47.04491725768322,59.91665759557443,41.44037780401417,60.8913813459268
6691,洋基工程,電子設備,719.0,9.938837920489307,427496521.6,True,76.82926829268293,25.0,213.7,2026-08-01,False,54.54545454545454,16.34304207119741,0.051879740999775534,90.21329987452948,45.05023774877293,56.84769775678866,86.89492325855961,76.15112160566706,77.80401416765052,95.27186761229315,78.59392488019179,95.63164108618653,60.84710743801652
6416,瑞祺電通,電腦及週邊,114.5,-1.2931034482758674,123380838.175,True,46.194784459819054,50.19736842105264,109.34,2026-08-01,False,49.152542372881356,13.930348258706468,0.06175676424889815,94.62809917355372,28.852657998805668,50.531286894923255,84.53364817001182,79.456906729634,87.2491145218418,91.25295508274232,78.60478227983064,90.08264462809917,60.832349468713105
2912,統一超,百貨批發,212.5,0.2358490566037652,311428940.075,True,2.0223523150612026,89.57236842105263,4.82,2026-08-01,False,85.71428571428571,-2.745995423340961,-0.07257677352430827,85.68548387096774,-1.7161514466800094,86.54073199527745,32.349468713105075,21.133412042502954,66.94214876033058,41.843971631205676,49.76194662848435,22.195985832349468,60.832349468713105
7810,捷創科技,電子設備,235.0,3.296703296703307,25387337.125,True,17.391304347826086,74.07894736842105,119.81,2026-08-01,False,94.8051948051948,5.8558558558558556,0.127693538691815,69.5266272189349,4.458876659328936,94.68713105076742,71.60566706021253,92.44391971664699,27.62691853600944,64.30260047281324,70.13324736728993,91.61747343565526,60.581463990554894
8464,億豐,五金及家具,366.5,-1.6107382550335614,138165529.2,True,18.09473124002129,72.96052631578948,17.76,2026-08-01,False,83.33333333333334,0.0,0.11201286998101945,85.63084112149532,2.4525785855651225,85.30106257378985,47.4025974025974,90.20070838252656,66.82408500590319,58.74704491725768,69.69509965641494,37.42621015348288,60.53719008264463
3045,台灣大,通信網路,119.5,-1.2396694214875992,963987363.975,True,11.921234699308142,78.42105263157895,8.5,2026-08-01,False,86.53846153846155,3.463203463203463,0.3006991047864211,95.98393574297188,1.0950308904140984,87.30814639905549,62.92798110979929,99.40968122786305,90.08264462809917,53.42789598108747,78.6312698691809,27.390791027154666,60.46340023612751
2442,新美齊,建設,14.4,0.34843205574912606,26309395.425,True,1.4882655981682884,90.85526315789474,19.87,2026-08-01,False,94.73684210526315,-25.77319587628865,-0.1995247627309603,54.339622641509436,-138.09472127496693,94.51003541912632,0.47225501770956313,4.958677685950414,6.6115702479338845,1.5366430260047281,21.61783627934498,40.968122786304605,60.404368358913814
6670,復盛應用,其他,272.0,-0.366300366300365,47481320.575,True,44.81106971793507,51.381578947368425,45.02,2026-08-01,False,41.66666666666667,-0.1834862385321101,-0.006293734422291088,90.51580698835274,19.033474293380117,42.3258559622196,46.39905548996458,47.81582054309327,78.63046044864227,85.81560283687944,60.197359056159826,67.06021251475796,60.40436835891381
4721,美琪瑪,其他化學,82.5,3.383458646616555,31299689.96,True,11.882352941176471,78.48684210526315,72.35,2026-08-01,False,81.25,10.294117647058828,0.02205655024017465,81.68316831683168,46.340859820909316,83.47107438016529,79.81109799291617,63.518299881936244,56.31641086186541,95.39007092198581,75.70139080777378,81.46399055489965,60.36009445100353
3702,大聯大,電子通路,114.0,-0.8695652173912993,939910141.075,True,28.685470995210217,63.55263157894737,80.46,2026-08-01,False,69.23076923076923,14.000000000000002,0.11151700278546042,87.6923076923077,-20.587726856917456,70.4840613931523,84.6517119244392,89.96458087367178,71.42857142857143,10.756501182033098,65.45708536037355,83.94332939787486,60.30106257378985
1442,名軒,建設,27.2,1.1152416356877248,13586596.2375,True,39.88980716253444,54.53947368421053,64.57,2026-08-01,False,49.122807017543856,-8.877721943048583,-0.04888221448298592,67.41016109045849,30.31131538715271,50.413223140495866,11.92443919716647,28.57142857142857,23.258559622195985,91.60756501182034,41.15504310862145,79.22077922077922,60.24203069657615
2425,承啟,電腦及週邊,37.5,0.1335113484646211,20683290.62,True,41.896024464831804,53.35526315789474,118.46,2026-08-01,False,52.54237288135594,-2.0887728459529953,0.1300449049999592,70.88846880907373,-94.08371857918273,54.30932703659976,36.12750885478158,92.68004722550177,31.16883116883117,2.0094562647754137,43.25903411009794,91.49940968122786,60.2125147579693
2316,楠梓電,印刷電路板,166.0,2.4691358024691468,265603309.825,True,52.3682810005322,44.93421052631579,61.19,2026-08-01,False,83.33333333333334,1.2195121951219512,-0.015773281814293834,70.78891257995735,6.706159014047273,85.30106257378985,53.246753246753244,42.97520661157025,31.05076741440378,71.04018912529551,56.722795794362526,77.68595041322314,60.19775678866587
8341,日友,資源回收,74.4,0.1345895020188559,10764569.185,True,0.21287919105907396,97.89473684210527,3.97,2026-08-01,False,95.65217391304348,-2.9986962190351982,-0.1188436834551352,81.31147540983608,-5.5321871188120255,95.15938606847698,30.932703659976386,11.216056670602125,55.1357733175915,28.959810874704488,44.280746118270294,20.77922077922078,60.03541912632822
3209,全科,電子通路,45.35,-0.3296703296703285,48568586.9475,True,6.226716338477914,83.19078947368422,27.44,2026-08-01,False,86.53846153846155,-12.620423892100188,-0.12889232122693403,55.71253071253071,-54.477738056991754,87.30814639905549,5.076741440377805,9.917355371900827,7.674144037780402,3.900709219858156,22.775419293794535,50.17709563164109,60.02066115702479
9958,世紀鋼,基本金屬,93.0,0.9771986970684043,150383695.70499998,True,1.4369345396487492,91.11842105263158,91.07,2026-08-01,False,100.0,0.8676789587852464,0.07471860291369019,53.142857142857146,8.962113546185407,99.05548996458087,51.94805194805194,83.47107438016529,5.90318772136954,76.12293144208037,63.3001470912496,86.65879574970484,59.917355371900825
2330,台積電,半導體,2480.0,0.20202020202020332,55364847256.0,True,85.15167642362958,17.763157894736842,53.32,2026-08-01,False,30.303030303030305,2.479338842975207,-0.014797128201095005,98.80478087649402,-1.9725170897232545,30.22432113341204,59.268004722550174,43.91971664698938,95.63164108618653,41.01654846335697,54.01204641049901,73.0814639905549,59.917355371900825
2505,國揚,建設,17.0,0.2949852507374784,10396197.5525,True,24.581650317368727,66.97368421052632,24.46,2026-08-01,False,64.91228070175438,-1.7341040462427786,-0.07817366195144229,85.0,61.13197100246592,65.28925619834712,38.488783943329395,19.59858323494687,65.76151121605666,96.6903073286052,57.16568838425705,46.69421487603306,59.81404958677686
9941,裕融,租賃,77.9,-0.5108556832694622,87884540.975,True,3.2996274614156467,87.17105263157895,1.87,2026-08-01,False,87.33421750663129,-10.046189376443406,0.003964096180904408,76.0,1.8262679471991994,87.95749704840614,9.563164108618654,54.42739079102715,42.739079102715465,56.14657210401891,50.166740630957264,17.945690672963398,59.76977567886659
6933,AMAX-KY,電腦及週邊,371.0,-1.851851851851849,638076655.35,True,48.787446504992865,47.69736842105263,191.26,2026-08-01,False,47.45762711864407,42.69230769230769,0.007930009151156025,96.36363636363636,52.85589548348801,48.87839433293979,97.40259740259741,57.37898465171193,91.97166469893743,96.09929078014184,78.34618637326568,95.15938606847698,59.6517119244392
6292,迅德,電子零組件,66.6,-0.29940119760479833,22160949.534999996,True,54.92283129324108,42.56578947368421,30.69,2026-08-01,False,66.44736842105263,5.882352941176464,0.10732172063993879,95.27896995708153,5.05938770632449,66.94214876033058,71.78276269185359,89.37426210153482,88.90200708382527,66.548463356974,76.70992879890366,53.48288075560803,59.38606847697757
8046,南電,印刷電路板,1340.0,5.5118110236220375,13248841227.5,True,81.99760765550239,20.263157894736842,40.59,2026-08-01,False,61.904761904761905,8.064516129032258,0.022662592269995455,94.69964664310953,-6.363728014367837,62.86894923258559,76.97756788665879,63.990554899645815,87.60330578512396,26.95035460992908,63.67814648278865,63.16410861865407,59.16469893742621
6811,宏碁資訊,數位雲端,240.5,0.41753653444676075,99297197.725,True,25.199203187250994,66.3157894736842,77.11,2026-08-01,False,48.148148148148145,6.651884700665188,0.013038265268275034,90.2439024390244,33.623536497935554,49.94096812278631,74.2621015348288,60.33057851239669,77.92207792207793,92.67139479905437,71.02542417822883,82.99881936245572,59.14994096812279
2618,長榮航,空運,42.85,3.2530120481927716,761268211.01,True,35.22215067611075,58.026315789473685,24.92,2026-08-01,False,58.09018567639257,2.5119617224880484,0.18300685499765448,95.43429844097996,0.6141696259534655,59.74025974025974,59.50413223140496,96.93034238488784,89.13813459268005,50.82742316784869,71.22805842341624,47.107438016528924,59.120425029515935
6108,競國,印刷電路板,25.05,2.6639344262295195,46117815.1125,True,99.7364953886693,1.25,45.69,2026-08-01,False,9.523809523809524,-2.5291828793774265,0.057219101855817286,96.34615384615385,-6.0475245571407825,8.618654073199528,33.175914994096814,78.27626918536009,91.85360094451003,28.01418439716312,47.98772471886592,68.00472255017709,58.82526564344746
6937,天虹,電子設備,308.0,0.0,182761390.45,True,83.60413589364845,18.75,123.29,2026-08-01,False,40.25974025974026,5.299145299145299,0.07438873088873893,87.62446657183499,40.26578519886061,41.44037780401417,69.65761511216057,83.3530106257379,71.31050767414405,94.56264775413712,72.06483179403877,92.08972845336481,58.79574970484062
2495,普安,光電及I/O,39.05,0.25673940949935137,48733495.4025,True,30.525030525030527,62.10526315789474,106.21,2026-08-01,False,65.33333333333333,1.6927083333333297,0.028174921362273578,72.58364312267658,35.964279407680266,65.76151121605666,55.84415584415584,67.88665879574971,35.30106257378985,93.3806146572104,63.6348006173925,89.49232585596222,58.67768595041323
6654,天正國際,電子設備,216.0,8.000000000000007,14648992.725,True,84.67670504871568,18.157894736842106,848.76,2026-08-01,False,37.66233766233766,22.379603399433428,0.06040566656313628,94.94505494505493,417.7255291093977,39.07910271546635,91.85360094451003,78.98465171192444,88.07556080283354,99.52718676122932,79.50402058719273,99.40968122786305,58.67768595041322
6585,鼎基,樹脂,104.0,0.48309178743961567,14115851.95,True,14.056603773584905,76.31578947368422,12.09,2026-08-01,False,85.71428571428571,-9.170305676855897,-0.10436564992477718,69.10299003322258,-39.17359570096413,86.54073199527745,11.216056670602125,13.695395513577333,26.9185360094451,5.200945626477541,28.714333163075914,31.87721369539551,58.53010625737899
7728,光焱科技,電子設備,667.0,9.8846787479407,40524794.85,True,56.25,41.51315789473684,137.33,2026-08-01,False,68.83116883116884,4.8742138364779874,-0.0081233878392671,74.35897435897436,36.56355204736063,69.89374262101535,68.12278630460449,46.989374262101535,39.315230224321134,93.73522458628841,63.61127159966618,92.91617473435655,58.50059031877214
4952,凌通,半導體,49.4,0.40650406504063596,10598839.389999999,True,79.45715806279937,22.697368421052634,44.89,2026-08-01,False,33.33333333333333,-4.8169556840077075,0.11532547340642711,81.65289256198346,-2.517797530486675,34.002361275088546,23.140495867768596,90.55489964580875,56.08028335301063,39.125295508274235,48.58066712999015,66.94214876033058,58.47107438016529
4576,大銀微系統,機械,236.0,-2.0746887966805017,764631786.225,True,43.712212817412336,52.17105263157895,98.05,2026-08-01,False,62.857142857142854,9.25925925925926,0.025833054175540552,82.95254833040421,24.46669294007596,63.75442739079102,78.86658795749705,66.35182998819363,60.56670602125147,89.24349881796691,71.75661003514001,88.31168831168831,58.44155844155844
7749,意騰-KY,半導體,391.0,1.2953367875647714,95289149.125,True,8.201892744479496,81.25,60.5,2026-08-01,False,90.9090909090909,5.10752688172043,0.013123358050816597,71.875,4.618265240837218,91.44037780401418,68.83116883116884,60.44864226682408,33.64817001180638,64.8936170212766,63.85239518701802,77.44982290436836,58.42680047225502
8227,巨有科技,半導體,370.5,9.940652818991103,760138957.5,True,46.54226125137212,49.934210526315795,42.25,2026-08-01,False,68.93939393939394,130.12422360248448,0.062181663181181304,100.0,3.200953887943882,70.01180637544275,99.76387249114522,79.92916174734357,98.46517119244392,61.58392434988179,81.95078723125144,64.58087367178277,58.32349468713106
5493,三聯,電子設備,90.6,0.0,12536742.485000001,True,80.46833422032996,21.611842105263158,44.53,2026-08-01,False,46.103896103896105,2.372881355932197,0.14402865474741489,90.14925373134328,14.472049881264383,47.4025974025974,58.44155844155844,93.86068476977569,77.68595041322314,83.21513002364065,72.12118421015907,66.58795749704841,58.30873671782763
6658,聯策,電子設備,180.5,-0.2762430939226568,59331216.4,True,21.134751773049647,69.93421052631578,104.05,2026-08-01,False,92.20779220779221,8.408408408408409,-0.0007700921792057948,70.23346303501945,9.4351362933713,92.32585596221959,77.68595041322314,51.12160566706021,29.39787485242031,76.59574468085107,65.42540631515486,89.02007083825265,58.26446280991735
2727,王品,餐飲飯店,236.0,0.42553191489360653,49800943.55,True,3.553921568627451,86.71052631578947,11.31,2026-08-01,False,65.38461538461539,0.8547008547008548,-0.035228243205483525,94.77911646586345,-3.0534418338324443,65.99763872491145,51.82998819362455,33.175914994096814,87.72136953955135,37.11583924349882,55.16815013913659,31.05076741440378,58.234946871310505
8076,伍豐,電腦及週邊,21.8,1.3953488372093092,11742330.485000001,True,83.55614973262033,18.815789473684212,124.48,2026-08-01,False,15.254237288135593,-6.236559139784943,-0.2345125934890062,76.22377622377621,48.84304261329625,14.87603305785124,17.591499409681226,2.715466351829988,43.32939787485242,95.98108747044918,34.898696832932806,92.20779220779221,58.205430932703656
6894,衛司特,資源回收,361.0,-0.2762430939226568,22578448.2,True,49.416909620991255,47.30263157894737,67.83,2026-08-01,False,39.130434782608695,2.9957203994293864,0.11946206951594238,88.26405867970661,7.078497981203419,40.49586776859504,61.15702479338842,91.38134592680048,72.37308146399056,72.10401891252955,67.50226777306082,80.28335301062573,57.99881936245573
2855,統一證,證券,56.6,1.981981981981984,301627664.14,True,3.4592868547099522,86.97368421052632,109.88,2026-08-01,False,37.5,16.580844490216283,0.17311912919571365,95.76988155668359,0.37949532567353117,38.78394332939787,87.13105076741441,96.1038961038961,89.49232585596222,49.76359338061466,72.25496188745706,90.31877213695395,57.865997638724906
2617,台航,海運,31.45,0.6399999999999961,67798584.04,True,30.81426290580096,61.71052631578947,22.29,2026-08-01,False,63.63636363636363,3.284072249589491,0.19523975684516034,93.46210995542347,-8.931930168246065,64.2266824085006,61.98347107438017,97.28453364817001,85.12396694214877,21.631205673758867,66.04997194939168,43.80165289256198,57.7922077922078
2610,華航,空運,20.45,1.741293532338295,323779638.97249997,True,25.82619339045288,65.39473684210526,27.22,2026-08-01,False,65.51724137931035,0.4914004914004809,0.14845768456015163,84.50413223140497,0.09406601990053787,66.23376623376623,50.29515938606848,94.21487603305785,65.05312868949233,48.69976359338061,64.8993387871531,49.94096812278631,57.73317591499409
8050,廣積,電腦及週邊,63.6,-3.1963470319634757,94349199.59,True,49.81373070782331,47.006578947368425,94.48,2026-08-01,False,44.06779661016949,12.765957446808516,0.14976921052610528,92.17391304347827,11.061291411895397,44.74616292798111,83.11688311688312,94.33293978748523,81.64108618654073,79.55082742316785,76.6775798884116,87.36717827626919,57.65938606847698
4569,六方科-KY,電子零組件,157.5,2.2727272727272707,18135574.375,True,23.407022106631988,68.02631578947368,3.62,2026-08-01,False,87.5,-4.833836858006042,-0.007543188405797102,76.82926829268293,-3.1809160365099496,88.25265643447462,22.904368358913814,47.107438016528924,44.74616292798111,36.40661938534279,47.88344902464825,20.188902007083826,57.570838252656436
3287,廣寰科,電腦及週邊,42.15,2.305825242718429,24375203.285,True,1.8034825870646767,89.86842105263158,6.02,2026-08-01,False,89.83050847457628,9.765625,0.03597701470596355,98.94366197183098,5.961298437598267,90.55489964580875,79.456906729634,70.83825265643448,95.74970484061393,69.26713947990544,81.17338067047932,23.140495867768596,57.497048406139314
6206,飛捷,電腦及週邊,139.5,-2.447552447552448,117675414.45,True,62.58648217136775,35.98684210526316,62.18,2026-08-01,False,30.508474576271187,0.7220216606498195,0.07242926006584136,88.29113924050634,19.960294951046762,30.460448642266826,51.59386068476978,82.88075560802834,72.60920897284534,86.64302600472813,64.83745998252769,78.51239669421489,57.497048406139314
6531,愛普*,半導體,927.0,-0.21528525296017342,3531286885.5,True,64.34676434676435,34.21052631578947,150.82,2026-08-01,False,50.75757575757576,3.5754189944134076,0.006728272461798687,77.89915966386555,32.5296259338361,52.892561983471076,63.63636363636363,56.67060212514758,47.34356552538371,91.96217494089835,62.50105364225287,93.27036599763872,57.467532467532465
6214,精誠,資訊服務,188.0,-0.5291005291005346,346772465.5,True,54.07131452900479,43.35526315789473,61.91,2026-08-01,False,23.404255319148938,3.867403314917127,0.0705017453497412,96.65809768637533,5.034636909483318,23.789846517119244,64.58087367178277,81.93624557260921,92.44391971664699,66.19385342789597,65.78894778121084,78.1582054309327,57.45277449822904
3141,晶宏,半導體,85.3,0.11737089201877549,610526842.5550001,True,47.59725400457666,48.75,79.77,2026-08-01,False,66.66666666666666,12.681638044914125,0.003701164834664173,83.21951219512195,36.362694672794355,67.76859504132231,82.88075560802834,54.07319952774499,61.15702479338842,93.49881796690308,71.87567858747742,83.58913813459267,57.408500590318766
4739,康普,其他化學,88.4,6.25,108826154.68499999,True,6.9278818852924475,82.69736842105263,34.4,2026-08-01,False,93.75,-0.2257336343114996,-0.07204758128980662,68.0,-57.969082854675825,93.6245572609209,46.28099173553719,21.605667060212514,24.85242030696576,3.546099290780142,37.981947130883306,57.14285714285714,57.33471074380166
1307,三芳,石化,31.5,2.1069692058346856,13809950.035000002,True,3.352847259180415,87.10526315789474,10.83,2026-08-01,False,94.44444444444444,2.605863192182413,-0.029930369980886964,84.22459893048129,-0.1553399835826319,94.21487603305785,59.85832349468713,35.655253837072024,64.1086186540732,47.99054373522459,60.36552315082296,30.342384887839437,57.20188902007084
1709,和益,清潔劑,48.4,9.999999999999986,1201608736.3125002,True,87.22724853645556,16.25,82.67,2026-08-01,False,40.0,33.8865836791148,-0.02620370871868286,100.0,3.9698449715490938,40.909090909090914,95.27744982290437,37.66233766233766,98.46517119244392,62.529550827423165,66.96872008284001,84.6517119244392,57.18713105076742
2206,三陽工業,機車船製造,62.1,-0.6399999999999961,37785348.93000001,True,27.940393826503456,64.01315789473684,-0.22,2026-08-01,False,61.53846153846154,-1.5847860538827259,-0.025225924870487214,95.83333333333334,6.293462692538508,62.396694214876035,39.66942148760331,38.01652892561984,89.728453364817,69.97635933806147,59.95749146619553,16.05667060212515,57.12809917355372
2347,聯強,電子通路,94.9,0.4232804232804366,290331810.15500003,True,73.92229909526343,27.203947368421055,122.02,2026-08-01,False,21.153846153846153,9.710982658959544,0.16130792493272314,97.73429454170959,-6.096423123426817,21.428571428571427,79.33884297520662,95.39551357733176,93.86068476977569,27.89598108747045,63.583918767671186,91.85360094451003,56.95100354191264
8088,品安,半導體,44.4,5.088757396449695,17097451.055,True,50.80600333518621,46.25,72.94,2026-08-01,False,64.39393939393939,-2.950819672131151,-0.07580276084062017,60.73871409028728,33.334315032434795,64.93506493506493,31.16883116883117,20.188902007083826,12.160566706021251,92.5531914893617,44.20131126127257,81.58205430932703,56.87721369539551
4119,旭富,藥,55.5,0.18050541516245744,12550411.21,True,93.29867128827267,9.802631578947368,187.52,2026-08-01,False,8.51063829787234,2.0220588235294144,0.0003999425396123248,92.5,68.57808876723043,7.4970484061393154,57.37898465171193,52.066115702479344,82.29043683589138,97.04491725768321,59.25550057078103,94.9232585596222,56.83293978748524
5269,祥碩,半導體,1460.0,-1.016949152542368,721468940.75,True,3.4060670569451834,87.03947368421052,-32.51,2026-08-01,False,94.6969696969697,0.6896551724137931,0.10582823361347518,91.82389937106919,-1.5396815956321532,94.33293978748523,51.47579693034239,89.02007083825265,81.10979929161746,42.5531914893617,71.69835966741189,3.0696576151121606,56.759149940968115
2636,台驊控股,貨運倉儲,71.7,1.846590909090895,29854866.984999996,True,81.00053219797765,20.986842105263158,85.48,2026-08-01,False,15.384615384615385,4.063860667634248,0.21375020289632662,96.11260053619304,27.64377007607778,15.171192443919718,65.28925619834712,97.99291617473436,90.79102715466351,90.66193853427896,71.98126610118875,85.47815820543093,56.53778040141676
6486,互動,通信網路,80.6,0.0,20373085.11,True,94.83767961681747,8.092105263157896,825.81,2026-08-01,False,17.307692307692307,4.134366925064584,0.030595831135793297,89.15929203539822,510.5543463003061,17.355371900826448,65.76151121605666,68.59504132231406,74.97048406139315,99.64539007092199,65.26555971430246,99.29161747343565,56.46399055489965
6743,安普新,消費性電子,31.85,2.411575562700974,10306535.405000001,True,35.42642924086223,57.631578947368425,12.68,2026-08-01,False,78.94736842105263,14.362657091561939,0.1420113732951636,99.53125,-18.195512612504917,80.7556080283353,85.12396694214877,93.74262101534829,96.69421487603306,12.293144208037825,73.72191101398064,32.467532467532465,56.19834710743802
2886,兆豐金,金融控股,49.15,0.10183299389001643,1238681305.4175,True,76.74294837679618,25.13157894736842,15.55,2026-08-01,False,61.53846153846154,1.970954356846464,0.2760568320303997,92.56120527306967,8.486564199146123,62.396694214876035,56.78866587957497,99.05548996458087,82.64462809917356,75.65011820330969,75.30711927230303,35.714285714285715,55.99173553719008
3219,倚強科,電子設備,131.5,4.7808764940239,170050083.005,True,31.560531840447865,61.118421052631575,19.73,2026-08-01,False,80.51948051948052,50.97588978185994,0.06780125543981332,100.0,-1.5288526000530425,82.64462809917356,98.22904368358914,81.22786304604487,98.46517119244392,42.671394799054376,80.64762016406118,40.85005903187721,55.93270365997639
7712,博盛半導體,半導體,161.0,0.0,35478978.45,True,59.76470588235294,38.61842105263158,55.5,2026-08-01,False,57.57575757575758,0.625,0.1351973400416275,75.40983606557377,-0.5524799337165334,59.38606847697757,51.2396694214876,93.15230224321134,41.20425029515938,46.92671394799054,58.38180087696529,74.3801652892562,55.93270365997639
3034,聯詠,半導體,546.0,1.1111111111111072,1720286230.5,True,84.83235763704099,17.927631578947366,26.33,2026-08-01,False,31.060606060606062,0.1834862385321101,0.23407538696576088,96.29629629629629,2.301469645199706,31.40495867768595,48.28807556080284,98.46517119244392,91.61747343565526,57.919621749408975,65.53906012319939,48.99645808736718,55.93270365997638
2010,春源,基本金屬,23.0,2.4498886414253906,20520423.64,True,5.375199574241618,84.11184210526315,-6.24,2026-08-01,False,90.2439024390244,1.3215859030837036,0.05086309288598552,89.14728682170544,-3.7000563320095905,90.9090909090909,53.71900826446281,75.91499409681228,74.85242030696575,34.751773049645394,66.02945732539544,11.570247933884298,55.90318772136954
2603,長榮,海運,239.5,0.6302521008403339,2040352043.2,True,67.28919071873231,32.30263157894736,48.64,2026-08-01,False,27.27272727272727,3.455723542116631,0.06190072200778802,95.2286282306163,8.06648628738317,27.804014167650532,62.8099173553719,79.5749704840614,88.5478158205431,74.58628841607565,66.66460124874051,69.77567886658795,55.82939787485242
6023,元大期,期貨,85.0,-1.1627906976744207,76368542.595,True,1.0111761575306013,93.02631578947368,22.66,2026-08-01,False,93.16976127320955,3.6585365853658534,0.17932350705962388,78.70370370370371,-45.54321844689808,93.03423848878394,64.2266824085006,96.69421487603306,49.586776859504134,4.609929078014184,61.63036834216719,44.451003541912634,55.711334120425036
4566,時碩工業,汽車組件,74.1,1.2295081967212962,108078017.595,True,73.2526141992295,27.828947368421055,53.95,2026-08-01,False,37.83783783783784,12.785388127853867,0.09051092986379891,97.11664482306684,10.534103661605663,39.25619834710744,83.23494687131051,86.06847697756788,93.5064935064935,78.36879432624113,76.08698200574409,73.19952774498229,55.68181818181818
3059,華晶科,消費性電子,38.75,2.3778071334213946,46555144.1825,True,32.251197445449705,60.39473684210527,8.25,2026-08-01,False,84.21052631578947,-2.760351317440405,-0.03342988241982753,75.68359375,2.921964659603515,85.59622195985833,32.231404958677686,33.88429752066116,41.91263282172373,60.63829787234043,50.852571026652264,27.27272727272727,55.637544273907906
1612,宏泰,電纜,35.7,0.990099009900991,16650653.370000001,True,15.061202767429481,75.52631578947368,19.6,2026-08-01,False,63.63636363636363,1.4204545454545454,0.2182814702122534,87.8228782287823,14.347872745782642,64.2266824085006,53.955135773317586,98.22904368358914,71.78276269185359,82.86052009456264,74.21082893036471,40.37780401416765,55.608028335301064
6546,正基,通信網路,59.4,1.3651877133105783,15521291.65,True,20.51039697542533,70.46052631578948,15.55,2026-08-01,False,80.76923076923077,-6.603773584905665,0.12316199608930227,66.0,5.940703479078765,82.76269185360094,17.001180637544273,91.61747343565526,20.30696576151122,69.14893617021278,56.16744957170489,35.714285714285715,55.445690672963394
2845,遠東銀,本國銀行,13.1,0.0,184621222.55499998,True,49.4944119212347,47.13815789473684,5.07,2026-08-01,False,44.44444444444444,-2.238805970149259,0.2071622253995775,95.27272727272728,-5.146678764137718,45.395513577331755,35.064935064935064,97.87485242030696,88.78394332939787,29.66903073286052,59.35765502496643,22.55017709563164,55.416174734356545
3016,嘉晶,半導體,169.0,-2.0289855072463725,2884419617.45,True,67.9108635097493,31.776315789473685,57.79,2026-08-01,False,49.24242424242424,69.67871485943776,0.044826354463044206,97.97101449275362,7.659336323912385,50.649350649350644,99.40968122786305,74.2621015348288,94.56906729634002,73.04964539007092,78.38796921969069,75.79693034238488,55.40141676505313
2885,元大金,金融控股,68.5,-0.29112081513829047,1456884995.325,True,92.2299095263438,11.447368421052632,57.94,2026-08-01,False,30.76923076923077,7.03125,0.08707862516440587,95.8041958041958,-297.1751181440134,30.873671782762692,74.97048406139315,85.47815820543093,89.6103896103896,0.8274231678486997,56.35202536556501,75.91499409681228,55.35714285714286
1513,中興電,電機製品,168.0,0.5988023952095745,304098704.725,True,48.11069717935072,48.28947368421053,8.93,2026-08-01,False,63.63636363636363,0.0,0.23383538977521098,89.83957219251337,1.9056323049205597,64.2266824085006,47.4025974025974,98.34710743801654,76.38724911452184,56.38297872340425,68.54932301740811,28.09917355371901,55.32762691853601
1558,伸興,機械,112.5,-1.3157894736842146,15656444.875,True,43.21447578499202,52.434210526315795,18.63,2026-08-01,False,65.71428571428571,10.294117647058822,0.055828766364969966,98.68421052631578,1.5253709932065824,66.35182998819363,79.69303423848878,77.33175914994096,95.51357733175915,55.673758865248224,74.91279191472616,38.72491145218418,55.22432113341205
3017,奇鋐,電子零組件,3435.0,1.0294117647058787,10173401076.25,True,94.89089941458222,7.9605263157894735,54.34,2026-08-01,False,13.815789473684212,2.232142857142857,0.010402961830531186,96.21848739495799,-4.9403794444395075,13.34120425029516,58.087367178276274,58.44155844155844,91.38134592680048,30.61465721040189,50.37322660146644,74.02597402597402,55.16528925619835
2348,海悅,建設,70.6,0.14184397163119478,30123728.475,True,89.99467802022353,13.355263157894736,540.56,2026-08-01,False,5.263157894736842,-2.0804438280166435,0.093006559159059,80.41002277904327,-49.59394727018605,4.014167650531287,36.24557260920897,86.42266824085006,53.246753246753244,4.137115839243498,36.813255517317415,98.7012987012987,54.929161747343564
2812,台中銀,本國銀行,18.85,0.26595744680850686,359477960.86,True,34.75252794039383,58.48684210526316,1.76,2026-08-01,False,88.88888888888889,0.0,0.07586625748203031,82.85714285714286,-4.867357221207934,89.43329397874852,47.4025974025974,83.82526564344747,59.85832349468713,30.851063829787233,62.27410886985355,17.70956316410862,54.89964580873672
7805,威聯通,電腦及週邊,494.0,1.0224948875255713,22369706.05,True,0.5405405405405406,95.78947368421052,19.25,2026-08-01,False,94.91525423728814,-3.8910505836575875,-0.0964705246772892,60.24390243902439,-1.0635972665632316,94.8051948051948,26.32821723730815,15.466351829988193,11.334120425029516,43.85342789598109,38.35746243870035,39.7874852420307,54.89964580873671
8033,雷虎,無人載具,174.5,3.2544378698224907,463686353.525,True,67.88990825688074,31.842105263157894,74.96,2026-08-01,False,31.896551724137932,-7.9155672823219,-0.040704916572073827,64.7495361781076,46.589944764778096,32.1133412042503,14.049586776859504,31.05076741440378,18.890200708382526,95.50827423167848,38.32243406711492,82.40850059031877,54.84061393152302
2884,玉山金,金融控股,44.85,-0.11135857461024301,2156646277.2025,True,63.331559340074506,35.19736842105263,19.29,2026-08-01,False,76.92307692307693,15.741935483870972,0.057071552497444174,94.8202959830867,2.8448241688974534,77.80401416765052,86.30460448642266,78.04014167650531,87.83943329397876,59.9290780141844,77.98345432774833,39.90554899645809,54.811097992916174
2355,敬鵬,印刷電路板,41.8,0.48076923076922906,55409934.065,True,37.96143250688706,55.65789473684211,13.43,2026-08-01,False,88.09523809523809,-6.067415730337085,0.04496274885471486,62.38805970149254,2.1709512021638133,88.78394332939787,18.299881936245573,74.3801652892562,15.11216056670602,57.328605200945624,50.78095126451025,33.41204250295159,54.752066115702476
4961,天鈺,半導體,181.0,-1.8970189701897011,196515687.725,True,79.4039382650346,22.82894736842105,50.15,2026-08-01,False,34.090909090909086,12.422360248447205,0.19576862852833807,98.1029810298103,14.208943491942527,35.30106257378985,82.40850059031877,97.40259740259741,94.9232585596222,82.62411347517731,78.5319065203011,70.83825265643448,54.663518299881936
2365,昆盈,光電及I/O,28.35,0.8896797153024938,19919926.062499996,True,52.398720682302766,44.86842105263158,35.95,2026-08-01,False,53.333333333333336,-5.499999999999996,0.01138815590382629,67.5,22.448711698579196,55.07674144037781,19.834710743801654,58.913813459268006,23.907910271546633,87.82505910165484,49.11164700332979,58.913813459268006,54.5159386068477
5386,青雲,電子通路,290.0,1.7543859649122862,485797363.825,True,1.3837147418839808,91.41447368421053,1846.21,2026-08-01,False,98.07692307692307,12.18568665377176,-0.01205535087658176,48.90387858347386,844.6256106108158,97.3435655253837,82.0543093270366,45.45454545454545,2.95159386068477,99.88179669030734,65.53716217159158,99.64580873671783,54.471664698937424
2897,王道銀行,本國銀行,10.9,-0.45662100456620447,71372726.445,True,47.04630122405535,49.21052631578947,7.89,2026-08-01,False,66.66666666666666,5.3140096618357555,0.17867344244241692,96.88888888888889,-5.22339981567425,67.76859504132231,69.77567886658795,96.57615112160568,93.03423848878394,29.314420803782504,71.29381686441648,26.80047225501771,54.456906729634
3693,營邦,電子零組件,687.0,-2.1367521367521403,1423163613.9,True,89.90326481257557,13.421052631578947,171.01,2026-08-01,False,24.342105263157894,17.035775127768314,0.061302792206467546,93.85245901639344,39.37037191490688,24.675324675324674,87.60330578512396,79.33884297520662,85.9504132231405,94.2080378250591,74.35518489677096,94.21487603305785,54.30932703659977
2354,鴻準,電子零組件,65.7,0.9216589861751334,760572526.4450002,True,89.888238424694,13.519736842105262,58.42,2026-08-01,False,25.0,2.8169014084507107,0.1318531497404489,89.75409836065575,22.907911006542697,25.206611570247933,60.56670602125147,92.79811097992916,76.15112160566706,88.29787234042553,68.60408450350424,76.03305785123968,54.206021251475796
2032,新鋼,基本金屬,20.3,2.01005025125629,28996155.125,True,2.449479485609308,88.48684210526315,-5.26,2026-08-01,False,95.1219512195122,18.367346938775526,0.0174002839740195,100.0,-7.818688487558722,94.9232585596222,88.66587957497049,61.98347107438017,98.46517119244392,24.231678486997634,73.65389177768289,11.92443919716647,54.16174734356552
7722,LINEPAY,數位雲端,259.0,0.3875968992248069,14236728.875,True,0.22727272727272727,97.63157894736842,8.66,2026-08-01,False,96.29629629629629,-10.689655172413794,-0.1004739934109552,43.23873121869783,-3.339986372057407,95.74970484061393,8.500590318772137,14.285714285714285,1.4167650531286895,35.815602836879435,31.153675467021696,27.744982290436838,54.102715466351825
6133,金橋,電子零組件,29.6,3.8596491228070295,137245542.16000003,True,17.307692307692307,74.14473684210526,2.15,2026-08-01,False,93.42105263157895,28.69565217391305,0.05220630804875293,100.0,-6.219236763840513,93.38842975206612,94.33293978748523,76.26918536009445,98.46517119244392,27.423167848699766,77.9757787881579,18.299881936245573,53.95513577331759
5876,上海商銀,本國銀行,49.15,0.61412487205732,402391189.74,True,42.043640234167114,53.289473684210535,7.06,2026-08-01,False,77.77777777777779,13.904982618771728,0.37678002019397205,98.39839839839838,-0.36670048199627736,78.57142857142857,84.29752066115702,99.88193624557262,95.27744982290437,47.28132387706856,81.06193183562623,24.911452184179456,53.61570247933884
2637,慧洋-KY,海運,96.4,1.473684210526316,365445661.78000003,True,57.051623203831824,40.723684210526315,34.96,2026-08-01,False,36.36363636363637,4.668838219326831,0.14452255225672467,94.04878048780489,-14.738337951609992,37.54427390791027,67.17827626918536,93.97874852420307,86.06847697756788,15.484633569739954,60.050881849721314,57.85123966942148,53.57142857142857
2471,資通,資訊服務,51.8,0.974658869395717,19337056.740000002,True,17.615753060138374,73.75,7.16,2026-08-01,False,65.95744680851064,3.911735205616842,0.08034736201488694,94.52554744525547,2.428733523920358,66.58795749704841,64.81700118063755,84.53364817001182,87.01298701298701,58.392434988179666,72.2688057697729,25.324675324675322,53.5271546635183
6425,易發,電子設備,79.0,6.756756756756754,90351851.22999999,True,51.369863013698634,45.723684210526315,93.96,2026-08-01,False,71.42857142857143,21.165644171779135,-0.05220376155499792,77.07317073170732,-21.63277701569882,72.78630460448642,91.38134592680048,27.390791027154666,45.218417945690675,10.047281323877069,49.36482816560186,87.2491145218418,53.468122786304605
6213,聯茂,印刷電路板,623.0,0.4838709677419395,9204603887.15,True,99.89356040447046,0.39473684210526316,97.93,2026-08-01,False,2.380952380952381,7.0446735395189,0.002286704342910628,100.0,17.013480395469244,1.2987012987012987,75.08854781582053,53.36481700118064,98.46517119244392,85.22458628841608,62.688364719312496,88.19362455726092,53.2172373081464
6902,GOGOLOOK,資訊服務,159.0,-2.1538461538461506,71384304.275,True,8.77742946708464,80.65789473684211,29.55,2026-08-01,False,74.46808510638297,22.779922779922778,0.06052342426833735,90.08498583569406,-2.730223642172522,75.38370720188901,91.97166469893743,79.10271546635182,77.21369539551358,38.53427895981088,72.44121234450054,52.18417945690673,53.20247933884298
6690,安碁資訊,數位雲端,177.0,-0.28169014084507005,57123310.55,True,5.35077288941736,84.27631578947368,8.21,2026-08-01,False,74.07407407407408,7.2727272727272725,0.014122859187294643,94.14893617021278,0.09304209926705376,75.08854781582053,75.6788665879575,60.92089728453365,86.18654073199528,48.58156028368794,69.29128254079899,27.15466351829988,53.187721369539545
5864,致和證,證券,39.2,6.233062330623329,107897210.06999998,True,2.384105960264901,88.75,112.92,2026-08-01,False,62.5,9.040333796940194,0.04454549098044212,73.13432835820896,270.44822109770337,63.282172373081465,78.63046044864227,74.02597402597402,36.599763872491145,99.17257683215131,70.34218951046805,90.9090909090909,53.040141676505314
2427,三商電,資訊服務,23.35,0.43010752688172893,26102374.9175,True,38.63757317722193,55.13157894736842,74.78,2026-08-01,False,38.297872340425535,3.31858407079646,0.026673977278653914,79.96575342465754,43.25364135450921,39.66942148760331,62.10153482880756,67.06021251475796,52.18417945690673,94.91725768321513,63.18652119425815,82.29043683589138,53.01062573789847
4904,遠傳,通信網路,103.5,-0.9569377990430672,497601889.15,True,51.94252261841405,45.26315789473684,15.65,2026-08-01,False,53.84615384615385,2.9850746268656714,0.16057815407089618,92.0,0.177607928313126,55.72609208972845,60.92089728453365,95.15938606847698,81.34592680047226,49.054373522458626,68.44133515313399,35.891381345926796,53.010625737898465
3596,智易,通信網路,153.0,-0.32573289902280145,137408955.8,True,12.40021287919106,77.96052631578947,1.93,2026-08-01,False,84.61538461538461,-5.263157894736842,-0.3492478682379109,70.0228832951945,-2.6123800183418444,85.9504132231405,21.133412042502954,0.3541912632821724,28.80755608028335,39.00709219858156,35.05053296155811,18.06375442739079,52.922077922077925
6016,康和證,證券,24.3,3.404255319148941,123577140.68499999,True,1.2867647058823528,91.84210526315789,215.39,2026-08-01,False,75.0,13.81733021077283,0.05659487943031007,67.5,308.7215317804633,76.03305785123968,84.06139315230224,77.68595041322314,23.907910271546633,99.40898345153664,72.21945902796966,95.74970484061393,52.9073199527745
3528,安馳,電子通路,85.6,1.0625737898465104,15066963.629999999,True,2.3416711016498137,88.84868421052632,43.13,2026-08-01,False,91.34615384615384,2.3923444976076556,0.014431325002105711,61.142857142857146,-11.245564991181297,91.73553719008265,58.67768595041323,61.038961038961034,13.105076741440378,18.912529550827422,48.69395809434495,65.28925619834712,52.86304604486423
6526,達發,半導體,840.0,3.194103194103204,1152867914.25,True,54.12587412587413,43.28947368421053,26.11,2026-08-01,False,58.333333333333336,35.483870967741936,0.1877853318946067,100.0,6.794157163974102,59.917355371900825,95.98583234946871,97.16646989374263,98.46517119244392,71.27659574468085,84.56228491044739,48.87839433293979,52.81877213695395
7822,倍利科,電子設備,998.0,2.254098360655732,154799445.95,True,25.6,65.59210526315789,74.62,2026-08-01,False,88.31168831168831,4.72193074501574,0.07967979891296702,54.68493150684931,11.707241881374934,89.02007083825265,67.53246753246754,84.29752066115702,6.8476977567886665,80.26004728132388,65.59156081399796,82.17237308146399,52.62691853600945
8086,宏捷科,半導體,114.5,4.090909090909101,322247924.725,True,4.035608308605341,86.11842105263158,12.56,2026-08-01,False,93.93939393939394,-2.553191489361702,-0.13719319945928835,63.96648044692738,-3.1064212143924514,93.74262101534829,32.93978748524203,8.85478158205431,17.119244391971662,36.64302600472813,37.85989209586889,32.349468713105075,52.56788665879575
6469,大樹,醫藥通路,64.4,-0.15503875968991832,21214816.975,True,0.6386375731772219,95.39473684210526,7.23,2026-08-01,False,100.0,-5.847953216374268,-0.0960264608695289,51.11111111111112,4.529516873447646,99.05548996458087,18.890200708382526,15.702479338842975,4.6044864226682405,64.65721040189125,40.581973367273164,25.50177095631641,52.56788665879574
1736,喬山,家電製品,128.5,0.390625,51810243.275,True,1.4806378132118452,90.92105263157895,22.66,2026-08-01,False,94.11764705882352,2.3904382470119523,0.01868068057146667,70.21857923497268,-1.655695957142676,93.97874852420307,58.559622195985824,62.573789846517116,29.279811097992912,42.198581560283685,57.31811064499652,44.451003541912634,52.2874852420307
3467,台灣精材,電子設備,73.7,-1.206434316353877,55785619.105,True,53.09973045822103,43.94736842105263,49.81,2026-08-01,False,70.12987012987013,54.50733752620545,-0.002125885515753101,85.20231213872833,14.493627787362449,71.31050767414405,98.58323494687131,49.70484061393152,66.11570247933885,83.33333333333334,73.80952380952381,70.30696576151122,52.2874852420307
1303,南亞,石化,255.5,3.441295546558698,17966438312.775,True,66.87751581368603,32.56578947368421,46.75,2026-08-01,False,27.77777777777778,15.873015873015872,-0.0003710598314547008,100.0,5.726194673656536,28.33530106257379,86.54073199527745,51.59386068476978,98.46517119244392,68.5579196217494,66.69859691136287,68.83116883116884,52.27272727272728
6498,久禾光,消費性電子,66.8,-1.0370370370370363,12216843.845,True,1.7964071856287425,89.9342105263158,-19.26,2026-08-01,False,100.0,-11.989459815546782,-0.026951195461568603,59.37777777777777,-14.091579652976513,99.05548996458087,6.02125147579693,37.42621015348288,10.271546635182998,16.430260047281322,33.840951655264995,5.785123966942149,52.27272727272727
2597,潤弘,營造,168.0,0.5988023952095745,35902423.125,True,68.0681213411389,31.644736842105264,40.91,2026-08-01,False,20.0,-2.3255813953488373,0.3004080702749461,82.35294117647058,25.247698570457032,20.365997638724913,34.47461629279811,99.29161747343565,58.44155844155844,89.95271867612293,60.50530170452801,63.400236127508855,51.93329397874852
6693,廣閎科,半導體,211.5,-2.9816513761467878,378477708.575,True,52.81030444964871,44.21052631578947,114.2,2026-08-01,False,60.60606060606061,18.487394957983195,-0.06422569416083472,76.49186256781194,4.1732460251814985,61.629279811097994,88.78394332939787,23.84887839433294,43.68358913813459,63.00236406619385,56.18961094783144,91.1452184179457,51.918536009445106
6712,長聖,生物科技,162.0,0.3095975232198178,31923777.675,True,51.08259823576584,45.98684210526316,21.1,2026-08-01,False,46.08753315649867,0.6211180124223602,0.16125905461773132,86.63101604278076,1.7992374094302086,47.22550177095632,51.12160566706021,95.27744982290437,68.59504132231406,56.02836879432624,63.64959347551225,42.739079102715465,51.859504132231415
3013,晟銘電,電子零組件,86.8,3.3333333333333215,99799142.9,True,25.07956715467855,66.44736842105263,16.38,2026-08-01,False,86.8421052631579,-3.016759776536316,-0.0835767704746852,62.0,-8.627631285882991,87.60330578512396,30.814639905548997,17.945690672963398,14.403778040141676,22.22222222222222,34.597927325200054,36.18654073199528,51.84474616292798
6196,帆宣,電子設備,585.0,7.5367647058823595,929857452.0,True,94.78445981905269,8.157894736842106,83.89,2026-08-01,False,15.584415584415584,18.781725888324875,0.12555305232674124,99.15254237288136,-18.18831972991157,15.466351829988193,89.13813459268005,91.97166469893743,95.98583234946871,12.411347517730496,60.99466619776098,85.00590318772137,51.82998819362456
2030,彰源,基本金屬,36.7,9.880239520958089,171918308.885,True,54.89548954895489,42.69736842105264,57.69,2026-08-01,False,31.70731707317073,60.96491228070177,0.04389272995653329,100.0,13.431790406491075,31.87721369539551,98.8193624557261,73.55371900826447,98.46517119244392,81.67848699763593,76.87879066989319,75.6788665879575,51.80047225501771
3622,洋華,光電及I/O,46.1,3.2474804031354942,15437136.650000002,True,2.185501066098081,89.14473684210526,-35.95,2026-08-01,False,92.0,-13.831775700934577,-0.2621191081635523,63.15068493150685,-15.46681985382141,92.08972845336481,4.250295159386068,2.3612750885478158,16.174734356552538,14.539007092198581,25.88300803000996,2.833530106257379,51.71192443919716
2612,中航,海運,61.8,1.6447368421052655,37632691.925000004,True,44.24307036247335,51.776315789473685,27.16,2026-08-01,False,54.54545454545454,2.65780730897009,0.20315862047683783,82.84182305630027,8.10818843593157,56.84769775678866,60.2125147579693,97.75678866587958,59.74025974025974,74.822695035461,69.87599119127165,49.82290436835891,51.549586776859506
4536,拓凱,其他,161.0,-0.3095975232198178,25059420.825,True,41.8839808408728,53.421052631578945,7.74,2026-08-01,False,45.83333333333333,-3.880597014925373,0.1575478926701442,82.56410256410255,-4.98200089831928,46.871310507674146,26.564344746162927,94.9232585596222,59.149940968122785,30.37825059101655,51.57742107451971,26.32821723730815,51.446280991735534
6175,立敦,電子零組件,70.4,1.7341040462427681,43409571.800000004,True,89.40926024481108,13.980263157894738,68.94,2026-08-01,False,25.986842105263158,-8.333333333333323,0.07031228483534592,60.42918454935623,17.759785661996794,26.387249114521843,12.750885478158205,81.81818181818183,11.570247933884298,85.46099290780141,43.597511450509515,80.51948051948052,51.43152302243212
2395,研華,電腦及週邊,726.0,-0.5479452054794498,2143800947.85,True,99.78712080894093,1.0855263157894737,87.52,2026-08-01,False,1.694915254237288,8.520179372197308,0.09596703333745504,99.45205479452055,4.690618343699413,0.7083825265643447,77.80401416765052,87.48524203069657,96.57615112160568,65.01182033096927,65.51712203549728,86.00944510035418,51.37249114521842
4772,台特化,其他化學,269.0,-0.7380073800738018,165822695.35,True,8.775510204081632,80.72368421052632,18.89,2026-08-01,False,87.5,1.509433962264151,-0.020423540951870642,71.54255319148936,-168.07433285117145,88.25265643447462,54.89964580873672,40.49586776859504,32.585596221959854,1.0638297872340425,43.45951920420006,39.55135773317591,51.37249114521842
1609,大亞,電纜,38.75,0.6493506493506551,110506772.215,True,45.92868547099521,50.32894736842105,34.84,2026-08-01,False,45.45454545454545,1.7060367454068204,0.09485756870869834,81.92389006342495,11.825359880035723,46.45808736717827,55.96221959858324,87.01298701298701,57.02479338842975,80.6146572104019,65.41454891551602,57.6151121605667,51.28394332939787
4766,南寶,樹脂,340.5,-0.14662756598240456,38767485.95,True,40.766365087812666,54.07894736842105,14.17,2026-08-01,False,42.857142857142854,-1.3043478260869565,0.10097664340988727,86.09355246523388,-1.7458902160701744,43.506493506493506,40.968122786304605,88.31168831168831,67.76859504132231,41.60756501182033,56.432492931525815,34.120425029515935,51.10684769775679
2890,永豐金,金融控股,44.25,0.7972665148063829,1186647845.0774999,True,94.0926024481107,8.717105263157894,49.48,2026-08-01,False,23.076923076923077,11.180904522613073,0.07633571584406956,96.30032644178455,-1.0925733780303233,23.376623376623375,80.87367178276268,83.94332939787486,91.73553719008265,43.73522458628842,64.7328772667264,70.12987012987013,51.09208972845336
8109,博大,電子零組件,135.0,0.3717472118959009,30062337.15,True,88.02554550292709,15.526315789473685,56.12,2026-08-01,False,29.605263157894733,3.4482758620689653,0.10820104616187066,83.59133126934985,10.219394461885102,29.75206611570248,62.69185360094451,89.49232585596222,62.33766233766234,77.89598108747045,64.43397779954839,74.97048406139315,51.09208972845336
6426,統新,通信網路,345.0,-2.5423728813559365,1270482686.45,True,67.9835390946502,31.710526315789473,78.21,2026-08-01,False,42.30769230769231,30.929791271347252,0.02685171693096047,88.12260536398468,0.22624018307587335,42.739079102715465,94.68713105076742,67.17827626918536,72.25501770956316,49.1725768321513,65.20641619287655,83.23494687131051,50.88547815820543
8042,金山電,電子零組件,111.5,0.0,581507167.075,True,17.195925704014382,74.3421052631579,38.75,2026-08-01,False,94.07894736842105,2.293577981651376,-0.01852618361731366,52.96912114014252,-4.7160855962636745,93.86068476977569,58.32349468713105,41.32231404958678,5.785123966942149,31.20567375886525,46.09945824646019,61.45218417945691,50.693624557260925
3623,富晶通,光電及I/O,29.8,2.2298456260720467,10250548.375,True,83.54755784061697,18.88157894736842,96.27,2026-08-01,False,25.333333333333336,34.234234234234236,0.047863175717281936,93.41692789968653,85.78892495491746,25.6198347107438,95.63164108618653,75.32467532467533,85.00590318772137,97.99054373522459,75.91451960891034,87.72136953955135,50.67886658795749
8996,高力,其他電製品,1605.0,1.2618296529968376,5825043162.5,True,96.70037253858436,5.427631578947369,112.84,2026-08-01,False,12.5,26.877470355731226,-0.047709042153906436,96.97885196374622,43.495360752998636,12.04250295159386,93.38842975206612,29.161747343565526,93.15230224321134,95.15366430260048,64.57972931860746,90.79102715466351,50.649350649350644
5522,遠雄,建設,61.0,0.49423393739702615,34751822.495000005,True,2.182011708355508,89.21052631578948,-46.74,2026-08-01,False,92.98245614035088,-2.866242038216556,-0.2860752481876644,74.20924574209245,-932.0740362417121,92.91617473435655,31.995277449822908,1.5348288075560803,39.19716646989374,0.2364066193853428,33.17597081620293,1.2987012987012987,50.35419126328217
6672,騰輝電子-KY,印刷電路板,369.0,9.985096870342769,1897881896.075,True,99.88980716253444,0.6578947368421052,133.24,2026-08-01,False,4.761904761904762,27.461139896373055,0.0342239963333895,100.0,35.8450171135306,3.541912632821724,93.97874852420307,69.89374262101535,98.46517119244392,93.26241134751773,71.82839726360035,92.79811097992916,50.20661157024793
2404,漢唐,電子設備,1290.0,5.737704918032782,2131798176.75,True,88.23842469398616,15.263157894736842,59.05,2026-08-01,False,28.57142857142857,20.0,0.07919219987269754,93.14079422382672,1.143018351291822,28.748524203069657,90.25974025974025,84.17945690672963,84.4155844155844,54.018912529550825,68.32444366293495,76.38724911452184,49.82290436835891
2006,東和鋼鐵,基本金屬,85.4,0.0,153831955.845,True,49.41427050053248,47.368421052631575,15.12,2026-08-01,False,43.90243902439025,5.955334987593067,0.14199476155868487,96.49717514124293,2.4462030417427663,44.391971664698936,72.37308146399056,93.6245572609209,92.20779220779221,58.51063829787234,72.22160817905498,34.946871310507674,49.79338842975206
2609,陽明,海運,59.4,1.7123287671232834,1902010651.8149998,True,78.26086956521739,24.013157894736842,56.17,2026-08-01,False,18.181818181818183,5.693950177935935,0.09556907345744878,90.0,19.199435295847913,18.06375442739079,70.83825265643448,87.2491145218418,76.80047225501771,86.05200945626478,67.80072066338991,75.08854781582053,49.77863046044864
6190,萬泰科,電子零組件,70.4,1.5873015873016039,143149347.335,True,92.44278871740286,10.855263157894738,71.82,2026-08-01,False,19.078947368421055,-0.2832861189801539,-0.015433650478867432,76.52173913043478,23.27371612410709,19.36245572609209,45.92680047225502,43.21133412042503,43.80165289256198,88.4160756501182,48.14366377229046,81.34592680047226,49.645808736717825
5439,高技,印刷電路板,254.0,0.39525691699604515,415508742.0,True,27.833954230973923,64.24342105263158,5.24,2026-08-01,False,92.85714285714286,-3.9697542533081283,-0.04152163886688248,57.531143827859566,-5.377227179431063,92.79811097992916,25.85596221959858,30.932703659976386,8.85478158205431,29.078014184397162,37.50391452519112,22.668240850059032,49.61629279811098
4974,亞泰,光電及I/O,71.0,0.56657223796035,11357971.15,True,89.72857903139968,13.815789473684212,39.55,2026-08-01,False,22.666666666666664,3.4985422740524865,0.10855323009390955,89.7597977243995,20.443082583739137,22.904368358913814,63.282172373081465,89.728453364817,76.26918536009445,86.99763593380615,67.83636307814258,62.33766233766234,49.557260920897285
1326,台化,石化,69.7,3.259259259259273,2480567411.1600003,True,63.87301587301587,34.671052631578945,31.7,2026-08-01,False,38.88888888888889,12.238325281803544,0.07154415573176068,93.80888290713325,5.877819352444064,40.141676505312866,82.17237308146399,82.40850059031877,85.8323494687131,68.91252955082743,71.89348583932724,54.07319952774499,49.468713105076745
9904,寶成,鞋及旅行箱,24.95,0.6048387096774244,237719297.2425,True,1.5965939329430547,90.32894736842105,4.33,2026-08-01,False,88.88888888888889,2.4640657084188824,-0.10936526027753543,77.48447204968943,4.187574086430414,89.43329397874852,59.031877213695395,12.514757969303425,46.28099173553719,63.12056737588653,54.07629765463421,21.01534828807556,49.42443919716647
3324,雙鴻,電子零組件,1530.0,-6.134969325153373,6369092964.25,True,77.43480574773815,24.736842105263158,67.18,2026-08-01,False,36.18421052631579,34.21052631578947,0.020130838829833478,89.47368421052632,-14.822379542715325,37.1900826446281,95.39551357733176,63.04604486422668,75.79693034238488,15.24822695035461,57.335359675785206,80.04722550177095,49.40968122786305
4977,眾達-KY,通信網路,169.0,0.29673590504450953,642986504.1,True,90.42043640234168,13.026315789473683,106.22,2026-08-01,False,30.76923076923077,-1.744186046511628,-0.029208318357486423,62.47689463955638,22.57579030755703,30.873671782762692,38.370720188902006,36.481700118063756,15.230224321133413,87.94326241134752,41.779915764441874,89.6103896103896,49.33589138134593
1529,樂事綠能,電機製品,15.95,3.2362459546925626,13843985.834999999,True,21.817192600652884,69.01315789473685,8.01,2026-08-01,False,72.72727272727273,-9.37500000000001,0.07533581754034227,54.71698113207547,23.369939410407042,73.84887839433294,10.861865407319952,83.70720188902007,6.965761511216057,88.53427895981088,52.78359723233998,26.9185360094451,49.217827626918535
3217,優群,電子零組件,130.0,0.0,39934787.425,True,6.599254922831293,82.96052631578948,-19.77,2026-08-01,False,96.05263157894737,-5.454545454545454,-0.12025522368650993,62.80193236714976,-12.606722468406367,95.39551357733176,20.070838252656433,10.979929161747345,15.466351829988193,17.375886524822697,31.857703869309283,5.548996458087367,49.08500590318772
6026,福邦證,證券,16.1,1.2578616352201255,18186265.4075,True,20.19906323185012,70.78947368421052,231.78,2026-08-01,False,12.5,6.622516556291402,0.3076415169761678,83.419689119171,-313.5539322500939,12.04250295159386,74.02597402597402,99.64580873671783,61.86540731995277,0.7092198581560284,49.6577825784789,96.22195985832349,49.02597402597402
6588,東典光電,通信網路,108.0,0.46511627906977715,265193052.975,True,97.39507959479016,4.5394736842105265,189.02,2026-08-01,False,5.769230769230769,-3.571428571428571,-0.0023543185607546218,67.7115987460815,72.79668027951719,4.6044864226682405,27.92207792207792,49.46871310507674,24.321133412042503,97.51773049645391,40.76682827166386,95.0413223140496,49.011216056670605
5274,信驊,半導體,18750.0,-3.325599381283839,6067355768.5,True,93.45396487493348,9.572368421052632,118.42,2026-08-01,False,18.181818181818183,19.961612284069098,0.056987093616363546,89.6914613728773,23.925709951613655,18.06375442739079,89.96458087367178,77.92207792207793,76.03305785123968,88.65248226950354,70.12719066877675,91.38134592680048,48.87839433293979
7792,安葆,電機製品,424.0,1.9230769230769162,312455938.55,True,82.5,19.86842105263158,67.72,2026-08-01,False,18.181818181818183,39.93399339933993,0.10852906694647388,97.35935706084959,34.21744574803065,18.06375442739079,96.93034238488784,89.6103896103896,93.6245572609209,92.90780141843972,78.22736902040576,80.16528925619835,48.73081463990555
6120,達運,光電及I/O,14.35,9.961685823754785,38705376.93500001,True,3.875968992248062,86.51315789473685,-3.09,2026-08-01,False,88.0,12.109374999999991,-0.014008549671815357,89.13043478260867,-11.508506231137957,88.66587957497049,81.93624557260921,44.15584415584416,74.73435655253837,18.79432624113475,61.657330419419395,13.223140495867769,48.671782762691855
2360,致茂,電子設備,2135.0,-2.2883295194508046,5164264592.25,True,93.61362426822778,9.30921052631579,156.3,2026-08-01,False,18.181818181818183,6.218905472636816,0.028323277477939886,81.33333333333333,21.440569939482003,18.06375442739079,73.0814639905549,68.12278630460449,55.489964580873675,87.2340425531915,60.39840237132307,93.86068476977569,48.583234946871315
6179,亞通,工程承攬,36.3,-3.070761014686263,463548882.03999996,True,74.50842696629213,26.57894736842105,223.28,2026-08-01,False,16.666666666666664,19.407894736842103,-0.010975522146241357,87.57539203860071,-27.032288143800713,16.587957497048407,89.728453364817,46.04486422668241,71.19244391971665,8.037825059101655,46.31830881347322,96.1038961038961,48.53896103896104
3653,健策,電子零組件,6800.0,-1.3778100072516342,7357054891.75,True,99.8403406067057,0.756578947368421,90.9,2026-08-01,False,0.9868421052631579,17.545375972342264,0.007089154189103613,98.26589595375722,11.066785178564217,0.29515938606847697,87.83943329397876,56.90672963400236,95.15938606847698,79.66903073286052,63.97394782307741,86.54073199527745,48.538961038961034
3162,精確,汽車組件,85.4,5.562422744128548,141332202.075,True,88.87652947719688,14.539473684210527,101.19,2026-08-01,False,18.91891891891892,17.630853994490376,0.026425876843799025,89.05109489051095,22.038011966037573,19.00826446280992,87.95749704840614,66.7060212514758,74.3801652892562,87.58865248226951,67.12812010684351,88.66587957497049,48.52420306965762
8289,泰藝,電子零組件,46.4,0.7600434310532034,17297960.955000002,True,70.82494969818913,29.67105263157895,67.15,2026-08-01,False,47.368421052631575,0.10787486515641241,0.08686248838724814,61.29458388375165,14.272732303847185,48.701298701298704,48.05194805194805,85.36009445100355,13.223140495867769,82.74231678486997,55.615759696997614,79.92916174734357,48.4504132231405
6909,創控,電子設備,42.85,2.1454112038140627,14606554.582500001,True,30.03003003003003,62.5,29.35,2026-08-01,False,84.4155844155844,3.377563329312421,0.04964144846579884,64.14670658682635,34.53792288486096,85.71428571428571,62.455726092089726,75.5608028335301,17.945690672963398,93.02600472813238,66.94050200820026,52.007083825265646,48.302833530106255
3029,零壹,資訊服務,120.0,2.127659574468077,444927045.55,True,76.37040979244279,25.263157894736842,44.44,2026-08-01,False,12.76595744680851,7.623318385650224,-0.0012778386393386626,96.0,5.374061428475805,12.337662337662337,76.03305785123968,50.76741440377804,90.25974025974025,67.73049645390071,59.425674261264206,66.35182998819363,48.22904368358914
1810,和成,玻璃陶瓷,24.45,3.164556962025311,39331205.655,True,19.935691318327976,71.05263157894737,4.61,2026-08-01,False,66.66666666666666,-3.168316831683171,0.08463977668439031,71.59590043923866,8.280748609404522,67.76859504132231,29.515938606847698,85.00590318772137,32.82172373081464,75.177304964539,58.05789310624901,21.54663518299882,48.155253837072024
8147,正淩,電子零組件,158.5,7.094594594594605,41381376.7,True,76.82783018867924,25.06578947368421,95.98,2026-08-01,False,36.84210526315789,27.82258064516129,-0.09761273546645573,83.2020997375328,42.48073241847052,38.07556080283353,94.09681227863047,15.11216056670602,61.038961038961034,94.79905437352247,60.62450981213071,87.60330578512396,48.15525383707201
2882,國泰金,金融控股,111.0,-0.4484304932735439,2409136704.175,True,73.92229909526343,27.203947368421055,-69.47,2026-08-01,False,69.23076923076923,5.213270142180095,-0.0024275043752892207,96.1038961038961,-9.063619143070817,70.4840613931523,69.42148760330579,49.23258559622196,90.67296340023613,21.39479905437352,60.241179409457935,0.7083825265643447,48.11097992916175
6613,朋億*,電子設備,274.0,1.4814814814814836,69607921.85,True,95.36987759446514,7.171052631578948,186.82,2026-08-01,False,11.688311688311687,-0.5444646098003629,-0.04909560920281149,70.25641025641025,62.95511824741669,11.097992916174734,44.03778040141677,28.45336481700118,29.634002361275087,96.80851063829788,42.00633022683313,94.8051948051948,47.874852420306965
6491,晶碩,醫療耗材,413.0,1.724137931034475,137942092.6,True,37.360047142015326,55.98684210526316,18.88,2026-08-01,False,32.432432432432435,9.549071618037134,0.17072889856963544,100.0,-4.532523232612743,32.82172373081464,79.22077922077922,95.98583234946871,98.46517119244392,32.15130023640662,67.72896134598261,39.315230224321134,47.845336481700116
1727,中華化,其他化學,109.0,-8.016877637130804,1184462778.0,True,81.73488087965791,20.460526315789473,62.67,2026-08-01,False,12.5,11.111111111111118,-0.027832892786315382,91.9831223628692,24.54841420886872,12.04250295159386,80.7556080283353,37.07201889020071,81.22786304604487,89.47990543735224,60.115579670705394,78.86658795749705,47.845336481700116
4912,聯德控股-KY,電子零組件,100.0,3.3057851239669533,62062210.765,True,92.81532730175626,10.592105263157894,32.22,2026-08-01,False,18.421052631578945,0.8064516129032229,0.08719120143660603,86.95652173913044,-18.414639512234373,18.417945690672962,51.71192443919716,85.59622195985833,70.01180637544275,11.93853427895981,47.53528654882621,54.54545454545454,47.81582054309327
1102,亞泥,水泥製造,35.8,1.4164305949008416,261781063.2475,True,18.09473124002129,72.96052631578948,-1.3,2026-08-01,False,57.14285714285714,3.6179450072358907,0.21501198821343173,91.7948717948718,2.3735108970591847,58.913813459268006,63.990554899645815,98.11097992916174,80.99173553719008,58.274231678487,72.05626310075053,14.757969303423849,47.668240850059036
6189,豐藝,電子通路,50.4,0.3984063745019917,18832650.045,True,50.345928685470994,46.64473684210526,11.83,2026-08-01,False,50.0,4.672897196261682,0.27164142036775774,89.04593639575971,4.433218837390284,51.82998819362455,67.29634002361276,98.93742621015348,74.2621015348288,64.0661938534279,71.2784099631295,31.52302243211334,47.57969303423849
2353,宏碁,電腦及週邊,31.65,0.79617834394905,519080137.925,True,43.336886993603414,52.30263157894737,38.41,2026-08-01,False,50.847457627118644,2.5931928687196013,0.035742013474990536,72.92626728110599,19.302127746489393,53.010625737898465,59.74025974025974,70.4840613931523,35.891381345926796,86.17021276595744,61.05930819663895,60.86186540731995,47.505903187721366
3265,台星科,半導體,186.0,3.0470914127423754,280709946.325,True,90.15433741351782,13.289473684210526,3.36,2026-08-01,False,24.242424242424242,-0.2680965147453083,0.04910640625797627,96.12403100775194,-1.1372867162571496,24.439197166469896,46.04486422668241,75.44273907910272,90.9090909090909,43.498817966903076,56.0669418696498,19.834710743801654,47.28453364817001
3094,聯傑,半導體,61.6,3.1825795644891075,637256329.0350001,True,78.8717402873869,23.289473684210527,30.21,2026-08-01,False,34.84848484848485,50.98039215686276,0.015095244560298792,100.0,-15.267062406712661,35.773317591499406,98.34710743801654,61.393152302243216,98.46517119244392,14.775413711583923,61.75083244715741,52.892561983471076,47.19598583234947
3005,神基,電子零組件,116.5,-0.42735042735042583,217406217.525,True,62.32038318254391,36.44736842105264,18.39,2026-08-01,False,59.210526315789465,0.43103448275862066,0.11062410340389808,74.67948717948718,-2.6513448762421774,60.56670602125147,50.0590318772137,89.8465171192444,39.90554899645809,38.77068557919622,55.82969791867278,38.252656434474616,47.16646989374262
6451,訊芯-KY,半導體,420.5,0.9603841536614643,1674563498.225,True,91.30434782608695,12.302631578947368,49.81,2026-08-01,False,23.484848484848484,-7.2767364939360535,-0.05869624767463085,58.08011049723757,17.216582522276703,23.96694214876033,15.348288075560804,25.97402597402597,9.563164108618654,85.34278959810875,32.039041981014904,70.30696576151122,47.12219598583235
2883,凱基金,金融控股,38.85,-0.25673940949936247,1783997655.8600001,True,59.60617349654071,38.75,-51.73,2026-08-01,False,84.61538461538461,18.625954198473288,0.05574207401400532,96.04449938195303,-124.62,85.9504132231405,89.02007083825265,77.09563164108619,90.43683589138135,1.8912529550827424,68.87884090978869,0.9445100354191263,47.07792207792208
6015,宏遠證,證券,17.95,3.1609195402298784,47437310.7375,True,8.034321372854915,81.44736842105263,140.5,2026-08-01,False,25.0,9.451219512195127,0.0628052765952294,78.38427947598254,86.47723962241287,25.206611570247933,78.98465171192444,80.04722550177095,48.642266824085006,98.10874704491725,66.19790053058912,93.15230224321134,47.00413223140496
2377,微星,電腦及週邊,151.0,0.0,1302494041.8,True,32.517296434273554,60.19736842105263,-6.06,2026-08-01,False,66.10169491525424,4.137931034482759,0.09416464650651984,89.3491124260355,-0.9568600368014746,66.7060212514758,65.87957497048406,86.89492325855961,75.32467532467533,44.32624113475177,67.82628718798931,11.688311688311687,46.959858323494686
3691,碩禾,光電及I/O,119.5,0.8438818565400741,98065090.675,True,34.21052631578947,59.210526315789465,75.84,2026-08-01,False,64.0,19.5,0.019775401855590173,70.50147492625368,7.139626778607706,64.69893742621015,89.8465171192444,62.8099173553719,30.342384887839437,72.45862884160756,64.03127712605469,82.52656434474616,46.930342384887844
3563,牧德,電子設備,807.0,1.6372795969773257,540615131.35,True,79.82969664715273,22.269736842105264,35.68,2026-08-01,False,49.35064935064935,15.781922525107603,0.008128115052930531,84.32601880877742,7.965280306168459,51.00354191263282,86.42266824085006,57.497048406139314,64.34474616292798,74.34988179669031,66.72357730384809,58.559622195985824,46.87131050767414
4966,譜瑞-KY,半導體,571.0,0.35149384885764245,301460443.15,True,23.576370409792442,67.69736842105263,0.23,2026-08-01,False,84.84848484848484,-2.2260273972602738,-0.14514924399445298,65.63218390804599,-2.476921289096739,86.18654073199528,35.30106257378985,8.264462809917356,19.834710743801654,39.2434988179669,37.766055135494206,16.41086186540732,46.782762691853605
8936,國統,金屬製品,52.6,1.3487475915221703,41133750.12,True,13.09207025013305,77.36842105263158,12.34,2026-08-01,False,71.42857142857143,2.935420743639922,0.16263501531215308,75.9018759018759,-0.7912695288676144,72.78630460448642,60.80283353010626,95.63164108618653,42.621015348288076,45.744680851063826,63.51729508402623,32.1133412042503,46.679456906729634
3711,日月光投控,半導體,703.0,2.328966521106257,10992073096.15,True,96.53116531165311,5.855263157894737,45.66,2026-08-01,False,10.606060606060606,13.20450885668277,0.15250538927812196,96.69876203576341,5.102505038169525,9.563164108618654,83.58913813459267,94.56906729634002,92.68004722550177,66.903073286052,69.46089801022103,67.88665879574971,46.63518299881937
6725,矽科宏晟,電子設備,218.0,0.22988505747125743,13869310.2,True,23.88888888888889,67.43421052631578,-12.39,2026-08-01,False,90.9090909090909,-5.627705627705628,0.03356663513797674,53.30073349633252,-8.359354439815553,91.44037780401418,19.244391971664697,69.42148760330579,6.02125147579693,22.93144208037825,41.81179018703197,8.264462809917356,46.62042502951594
4104,佳醫,醫療耗材,72.7,0.8321775312066793,10424568.669999998,True,50.39914848323577,46.578947368421055,32.25,2026-08-01,False,24.324324324324326,2.3943661971831025,0.1642040095012665,84.53488372093022,10.048904868016766,24.557260920897285,58.79574970484062,95.74970484061393,65.17119244391971,77.77777777777779,64.41033713760986,54.66351829988194,46.39905548996458
6263,普萊德,通信網路,158.5,1.9292604501607746,21658864.375,True,80.25545502927088,21.842105263157897,-8.43,2026-08-01,False,34.61538461538461,-4.229607250755287,0.11590572370211351,84.08488063660478,-19.638255964093176,35.53719008264463,24.557260920897285,90.79102715466351,63.990554899645815,11.11111111111111,45.19742883379247,10.15348288075561,46.28099173553719
2413,環科,電子零組件,51.4,0.7843137254901933,358552641.81000006,True,4.7926267281106,85.0657894736842,2.2,2026-08-01,False,97.36842105263158,17.217787913340928,-0.019143161801028954,82.24000000000001,-16.314450263129295,96.34002361275088,87.72136953955135,41.086186540731994,57.969303423848885,13.829787234042554,59.389334070185136,18.417945690672962,46.25147579693035
6870,騰雲,數位雲端,323.5,-2.1180030257186067,67894175.125,True,37.58480325644505,55.85526315789474,34.14,2026-08-01,False,29.629629629629626,26.614481409001954,0.020111700314154244,96.13670133729569,-7.362285291832698,29.87012987012987,93.27036599763872,62.92798110979929,91.02715466351829,25.413711583924346,60.501868645002105,56.90672963400236,46.13341204250295
2221,大甲,基本金屬,197.5,9.722222222222232,731854178.975,True,99.94678020223523,0.06578947368421052,81.32,2026-08-01,False,2.4390243902439024,147.8042659974906,-0.01322126258216933,100.0,29.82002408492165,1.4167650531286895,100.0,44.62809917355372,98.46517119244392,91.37115839243499,67.17623876231227,84.4155844155844,46.074380165289256
3518,柏騰,其他電子,41.1,9.893048128342263,71886483.03,True,14.17910447761194,76.18421052631578,-18.87,2026-08-01,False,76.3262599469496,47.57630161579892,0.07080707782435501,100.0,6.963427961477112,77.21369539551358,97.87485242030696,82.29043683589138,98.46517119244392,71.74940898345153,85.51871296552147,6.02125147579693,45.95631641086186
5222,全訊,通信網路,106.5,1.9138755980861344,15982102.7,True,90.81035923141187,12.56578947368421,59.94,2026-08-01,False,26.923076923076923,-0.46728971962616817,0.005136764133473302,67.61904761904762,47.64793066825973,27.213695395513575,44.62809917355372,55.1357733175915,24.08500590318772,95.8628841607565,49.3850915901206,77.09563164108619,45.94155844155844
2881,富邦金,金融控股,151.0,-0.330033003300334,2443242004.0,True,78.39276210750398,23.848684210526315,-48.02,2026-08-01,False,53.84615384615385,4.861111111111112,0.023442396449824827,97.73462783171522,12.253796893601027,55.72609208972845,67.88665879574971,64.34474616292798,93.97874852420307,81.08747044917257,72.60474320435635,1.1806375442739079,45.74970484061393
6245,立端,電腦及週邊,87.8,-1.0146561443066582,85845472.57499999,True,95.90207557211282,6.513157894736842,38.36,2026-08-01,False,3.389830508474576,5.528846153846147,0.1344963251681088,96.06126914660831,-13.301764811820355,2.2432113341204247,70.72018890200708,93.03423848878394,90.55489964580875,17.02127659574468,54.71476299329297,60.68476977567887,45.690672963400246
3293,鈊象,資訊服務,788.0,1.1553273427471034,1463009720.2,True,53.43267695582756,43.815789473684205,24.8,2026-08-01,False,25.53191489361702,11.456859971711458,0.08386194499390562,96.21489621489621,2.188070838382437,25.85596221959858,81.22786304604487,84.88783943329398,91.26328217237308,57.446808510638306,68.13635107638977,46.871310507674146,45.69067296340023
3443,創意,半導體,8040.0,1.4511041009463765,11678879287.0,True,99.78712080894093,1.0855263157894737,111.02,2026-08-01,False,1.5151515151515151,33.66583541147132,0.010234690357249361,94.3108504398827,-13.353786489861221,0.5903187721369539,95.15938606847698,58.32349468713105,86.30460448642266,16.90307328605201,51.45617546004392,90.43683589138135,45.543093270366
2455,全新,半導體,552.0,1.6574585635359185,6300794502.25,True,99.68068121341139,1.5789473684210527,71.16,2026-08-01,False,3.787878787878788,27.188940092165897,0.04085613741872628,96.5034965034965,24.551352241799172,2.3612750885478158,93.74262101534829,72.37308146399056,92.32585596221959,89.59810874704492,70.08018845543023,81.10979929161746,45.51357733175915
6719,力智,半導體,186.5,1.3586956521739024,89496836.05,True,14.385964912280702,75.85526315789474,-15.97,2026-08-01,False,89.39393939393939,-4.113110539845758,0.05762395718476831,59.68,-4.304364377054393,89.8465171192444,25.14757969303424,78.51239669421489,10.625737898465172,33.33333333333333,47.4931129476584,6.6115702479338845,45.4840613931523
6983,華洋精機,電子設備,348.0,0.5780346820809301,13859632.475,True,42.04545454545455,53.223684210526315,7.13,2026-08-01,False,76.62337662337663,-1.41643059490085,0.09716610965060361,65.1685393258427,-25.960907940293513,77.44982290436836,40.49586776859504,87.72136953955135,19.480519480519483,8.628841607565011,46.75528426011985,25.14757969303424,45.39551357733176
2426,鼎元,光電及I/O,104.0,4.208416833667328,4580376042.485,True,99.67159277504105,1.710526315789474,38.57,2026-08-01,False,5.333333333333334,8.220603537981276,-0.014961759060476481,96.74418604651163,7.137677896425796,4.250295159386068,77.33175914994096,43.565525383707204,92.91617473435655,72.3404255319149,58.080835991861136,61.27508854781583,45.27744982290437
7703,銳澤,電子設備,201.5,1.0025062656641603,17980706.725,True,91.22807017543859,12.368421052631579,83.26,2026-08-01,False,22.07792207792208,10.714285714285714,0.09498150896933273,80.60000000000001,22.225654788092108,22.668240850059032,80.16528925619835,87.13105076741441,53.60094451003542,87.70685579196218,66.25447623513388,84.88783943329398,45.24793388429752
3628,盈正,電子零組件,72.7,-0.2743484224965731,13641365.229999999,True,20.11708355508249,70.85526315789473,8.64,2026-08-01,False,89.47368421052632,6.286549707602335,0.03464493425151103,73.06532663316582,-12.304213486047875,90.20070838252656,73.19952774498229,70.01180637544275,36.24557260920897,18.085106382978726,57.54854429902785,27.62691853600944,45.218417945690675
6799,來頡,半導體,91.7,1.5503875968992276,19610590.585,True,17.72983114446529,73.48684210526316,1.85,2026-08-01,False,87.87878787878788,13.913043478260873,0.10383715686369933,82.24215246636771,-6.229802882623581,88.5478158205431,84.4155844155844,88.5478158205431,58.087367178276274,27.30496453900709,69.3807095547908,17.827626918536012,45.011806375442745
2850,新產,產險,163.0,1.2422360248447228,45461292.925,True,92.28312932410857,11.31578947368421,4.71,2026-08-01,False,20.0,1.557632398753894,-0.010742029042515753,96.73590504451039,1.3515553588537363,20.365997638724913,55.1357733175915,46.162927981109796,92.79811097992916,54.84633569739953,53.86182912295099,21.95985832349469,44.997048406139314
3169,亞信,半導體,115.0,-0.43290043290042934,48697248.1,True,70.19691325172964,30.328947368421055,9.62,2026-08-01,False,46.96969696969697,12.745098039215685,0.01222966213009323,93.4959349593496,-11.531153952793654,48.40613931523022,82.99881936245572,59.976387249114524,85.36009445100355,18.67612293144208,59.08351266184921,28.45336481700118,44.8051948051948
2543,皇昌,營造,38.5,0.917431192660545,30363354.619999994,True,21.997471554993677,68.8157894736842,51.51,2026-08-01,False,53.333333333333336,0.5221932114882581,0.09810356752202518,49.107142857142854,-32.04494811523447,55.07674144037781,50.76741440377804,87.95749704840614,3.0696576151121606,6.501182033096926,40.67449850815422,71.78276269185359,44.79043683589138
6438,迅得,電子設備,164.0,1.2345679012345734,89516510.825,True,80.46833422032996,21.611842105263158,15.54,2026-08-01,False,46.103896103896105,8.609271523178808,0.17629679988294622,88.64864864864866,9.60975948053521,47.4025974025974,77.92207792207793,96.45808736717828,73.67178276269185,76.8321513002364,74.45733935095636,35.53719008264463,44.67237308146398
1617,榮星,電纜,24.05,9.817351598173518,22998087.875,True,58.14792543595912,39.73684210526316,46.89,2026-08-01,False,27.27272727272727,35.875706214689274,-0.009896588278805825,90.07490636704121,4.607194674442773,27.804014167650532,96.1038961038961,46.51711924439197,77.09563164108619,64.77541371158392,62.459214973721735,68.94923258559622,44.43624557260921
3374,精材,半導體,454.5,-0.1098901098901095,4325884786.2,True,92.3076923076923,11.25,36.74,2026-08-01,False,21.21212121212121,17.746113989637305,0.02666209742287281,93.13524590163934,-6.164775487436927,21.605667060212514,88.07556080283354,66.82408500590319,84.29752066115702,27.659574468085108,57.69248159963827,59.50413223140496,44.332939787485245
8150,南茂,半導體,114.5,9.569377990430628,4192056919.45,True,87.06758914316126,16.513157894736842,33.27,2026-08-01,False,28.78787878787879,26.519337016574585,0.0931704138175954,93.46938775510203,-4.761852656665724,28.92561983471074,93.15230224321134,86.54073199527745,85.24203069657615,31.087470449172578,64.98963104378966,55.96221959858324,44.2443919716647
7786,東方風能,海運,119.5,0.8438818565400741,13266065.35,True,7.655502392344498,82.03947368421053,8.57,2026-08-01,False,90.9090909090909,-0.4166666666666667,0.09759993289612806,47.60956175298805,-8.034470222908535,91.44037780401418,45.10035419126328,87.83943329397876,2.479338842975207,23.75886524822695,50.12367387609167,27.508854781582055,44.08205430932704
2880,華南金,金融控股,45.35,1.0022271714922093,683526175.6675,True,85.36455561468867,17.5,11.95,2026-08-01,False,38.46153846153847,12.670807453416153,0.16849949838886866,94.67640918580376,-18.36668074885792,39.84651711924439,82.76269185360094,95.86776859504133,87.48524203069657,12.174940898345152,63.62743209938567,31.759149940968122,44.082054309327035
3479,安勤,電腦及週邊,136.0,-1.8050541516245522,81859294.2,True,83.07610431080363,19.473684210526315,35.43,2026-08-01,False,16.94915254237288,5.426356589147287,0.10391238111715037,86.90095846645367,7.779046233300885,17.119244391971662,70.12987012987013,88.66587957497049,69.89374262101535,73.5224586288416,63.866239069333844,58.44155844155844,43.831168831168824
2527,宏璟,建設,50.0,3.412616339193386,30755289.889999997,True,46.16204690831556,50.26315789473684,4.18,2026-08-01,False,42.10526315789473,13.895216400911165,0.11896832959547766,99.00990099009901,-129.08268137835782,42.561983471074385,84.17945690672963,91.26328217237308,95.86776859504133,1.773049645390071,63.129108158121696,20.89728453364817,43.786894923258565
8110,華東,半導體,49.2,1.6528925619834878,423552815.2975,True,1.7737003058103975,90.0,24.85,2026-08-01,False,95.45454545454545,6.956521739130441,-0.04813370730511323,55.90909090909091,4.976813508861699,95.0413223140496,74.73435655253837,29.043683589138137,7.851239669421488,65.60283687943263,54.45468780091604,46.989374262101535,43.78689492325856
5508,永信建,建設,53.1,0.18867924528302993,22068828.055,True,82.5971261309207,19.736842105263158,633.65,2026-08-01,False,10.526315789473683,0.3780718336483986,0.025066864058384243,62.91469194312796,255.8993826250716,9.445100354191263,49.70484061393152,65.87957497048406,15.820543093270366,99.05437352245863,47.980886510867165,99.17355371900827,43.68358913813459
1519,華城,電機製品,693.0,0.7267441860465018,1004858038.2,True,70.45951859956236,30.065789473684212,12.5,2026-08-01,False,36.36363636363637,-8.211920529801324,0.022426517851556676,64.16666666666667,19.698663549530604,37.54427390791027,13.105076741440378,63.75442739079102,18.06375442739079,86.4066193853428,43.77483037057505,32.231404958677686,43.68358913813459
2069,運錩,基本金屬,26.7,0.7547169811320753,43522894.53,True,56.54450261780105,41.18421052631579,18.86,2026-08-01,False,29.268292682926827,24.76635514018692,0.04283301676391716,100.0,9.908258533589603,29.39787485242031,92.56198347107438,73.19952774498229,98.46517119244392,77.54137115839244,74.23318568386267,39.19716646989374,43.624557260920895
2412,中華電,通信網路,143.5,-0.347222222222221,1670680214.95,True,97.87120808940925,3.684210526315789,25.61,2026-08-01,False,3.8461538461538463,5.904059040590406,0.4200632059009749,97.95221843003414,12.046586990740126,2.5383707201889023,72.01889020070838,100.0,94.45100354191264,80.85106382978722,69.97186565851943,48.05194805194805,43.2556080283353
3105,穩懋,半導體,542.0,9.93914807302232,14429972113.825,True,77.53357753357754,24.671052631578945,30.55,2026-08-01,False,37.878787878787875,23.462414578587698,0.06297629485096691,87.84440842787681,0.1241401747278914,39.43329397874852,92.08972845336481,80.28335301062573,71.900826446281,48.93617021276596,66.5286744203572,53.36481700118064,43.15230224321134
5608,四維航,海運,16.95,1.4970059880239583,67395951.6675,True,97.50778816199377,4.276315789473684,39.15,2026-08-01,False,9.090909090909092,1.4970059880239521,0.11596235533140717,81.6867469879518,4.042886295361811,8.087367178276269,54.78158205430933,90.9090909090909,56.434474616292796,62.76595744680851,54.59569444095556,62.10153482880756,42.960448642266826
5299,杰力,半導體,102.5,2.499999999999991,19499251.165,True,25.492283129324107,65.72368421052632,-3.24,2026-08-01,False,83.33333333333334,3.2225579053373643,0.15598369258676678,72.43816254416961,1.3911480717151647,85.30106257378985,61.629279811097994,94.8051948051948,35.064935064935064,55.20094562647754,66.40028357629906,12.868949232585598,42.90141676505313
6841,長佳智能,醫療耗材,58.8,6.329113924050622,10614455.094999999,True,73.13915857605178,27.960526315789476,86.02,2026-08-01,False,10.81081081081081,8.287292817679559,0.07232274741982368,80.54794520547944,54.48304228445909,9.976387249114522,77.44982290436836,82.76269185360094,53.36481700118064,96.33569739952719,63.977883281558334,85.59622195985833,42.87190082644628
2379,瑞昱,半導體,760.0,0.0,2098464929.1,True,89.62213943587014,13.88157894736842,28.08,2026-08-01,False,25.0,5.263157894736842,0.18539252721568675,84.44444444444444,1.007975363820762,25.206611570247933,69.53955135773317,97.04840613931523,64.93506493506493,52.836879432624116,61.91330268699708,50.531286894923255,42.78335301062573
6679,鈺太,半導體,206.0,0.0,62942146.475,True,4.666666666666667,85.26315789473684,0.32,2026-08-01,False,93.18181818181817,0.4878048780487805,-0.11861822532217654,59.62373371924746,-6.005218556602578,93.15230224321134,50.17709563164109,11.334120425029516,10.50767414403778,28.368794326241137,38.70799735403217,16.528925619834713,42.502951593860686
2915,潤泰全,百貨批發,58.8,0.512820512820511,95363588.435,True,37.626397019691325,55.78947368421052,-15.65,2026-08-01,False,33.33333333333333,2.6178010471204187,0.09337460468032728,95.14563106796116,-8.53843132215297,34.002361275088546,59.976387249114524,86.65879574970484,88.31168831168831,22.340425531914892,58.25793162350222,6.8476977567886665,42.29634002361276
8422,可寧衛*,資源回收,25.9,1.5686274509803866,104252385.75749998,True,97.65832889835019,4.2105263157894735,105.85,2026-08-01,False,4.3478260869565215,-4.428044280442815,-0.06835560831909698,10.36,33.83023928661463,3.187721369539551,24.08500590318772,22.55017709563164,0.3541912632821724,92.78959810874704,28.593338748077628,89.37426210153482,42.20779220779221
3705,永信,藥,56.7,1.4311270125223707,10438097.685,True,87.1740287386908,16.315789473684212,4.59,2026-08-01,False,12.76595744680851,1.431127012522369,0.05712442941012172,95.45454545454545,9.480892325498168,12.337662337662337,54.19126328217237,78.1582054309327,89.25619834710744,76.71394799054374,62.13145547768372,21.369539551357732,42.193034238488785
6168,宏齊,光電及I/O,45.25,0.11061946902655162,509696617.4725,True,81.95443645083932,20.32894736842105,18.52,2026-08-01,False,30.666666666666664,56.845753899480066,0.08321114237724371,100.0,5.8531102724998885,30.57851239669421,98.7012987012987,84.7697756788666,98.46517119244392,68.79432624113475,76.26181684208763,38.429752066115704,42.193034238488785
1434,福懋,成衣,18.15,0.8333333333333304,28278358.577500004,True,47.25918041511442,49.14473684210526,-7.17,2026-08-01,False,30.434782608695656,1.680672268907547,0.1046820008476713,92.83887468030689,-3.784430281308396,30.342384887839437,55.72609208972845,88.90200708382527,82.88075560802834,34.515366430260045,58.4733212199363,11.097992916174734,42.14876033057851
4123,晟德,藥,31.25,0.8064516129032251,45821676.375,True,81.85117967332124,20.394736842105264,61.53,2026-08-01,False,14.893617021276595,-1.419558359621449,-0.10345954521053398,63.323201621073956,34.949025671618344,14.46280991735537,40.37780401416765,13.81345926800472,16.41086186540732,93.14420803782507,35.64182862055203,78.04014167650531,42.13400236127509
2034,允強,基本金屬,24.8,5.982905982905984,85301677.24750002,True,82.27272727272728,20.065789473684212,26.75,2026-08-01,False,12.195121951219512,21.271393643031793,0.08818559333312213,100.0,-3.4002741234588,11.688311688311687,91.49940968122786,85.8323494687131,98.46517119244392,35.46099290780142,64.5892469876996,49.586776859504134,42.06021251475797
6165,浪凡,數位雲端,50.0,2.3541453428863823,22771268.2575,True,32.271241830065364,60.32894736842105,5.86,2026-08-01,False,33.33333333333333,3.519668737060048,0.08617053538538992,89.12655971479501,-4.3472664359861595,34.002361275088546,63.518299881936244,85.12396694214877,74.61629279811099,33.21513002364066,58.09521018418504,23.022432113341203,42.03069657615113
6122,擎邦,工程承攬,60.5,1.340033500837512,46642733.199999996,True,53.72807017543859,43.42105263157895,13.59,2026-08-01,False,33.33333333333333,24.357656731757455,0.1735096806674039,96.49122807017544,-3.060573226284781,34.002361275088546,92.32585596221959,96.22195985832349,92.08972845336481,36.997635933806144,70.32750829656052,33.53010625737898,41.824085005903186
2480,敦陽科,資訊服務,160.0,0.31347962382444194,35442341.7,True,84.03406067056946,18.552631578947366,20.16,2026-08-01,False,4.25531914893617,1.910828025477707,0.25004989235892877,90.9090909090909,1.1002346255796063,3.010625737898465,56.552538370720185,98.8193624557261,79.22077922077922,53.78250591016549,58.27716233905788,41.55844155844156,41.80932703659977
4542,科嶠,電子設備,344.0,1.4749262536873253,308339342.225,True,87.06022659511031,16.57894736842105,194.65,2026-08-01,False,32.467532467532465,20.27972027972028,-0.02965190267297548,69.63562753036437,60.93200077522113,32.93978748524203,90.55489964580875,36.24557260920897,28.45336481700118,96.57210401891253,56.95314571523469,95.39551357733176,41.55844155844156
6510,精測,半導體,3065.0,-2.388535031847139,4075269124.25,True,74.93347525279404,26.151315789473685,54.27,2026-08-01,False,40.15151515151515,14.365671641791044,-0.03750350256345011,72.97619047619047,6.158934429694078,41.32231404958678,85.24203069657615,32.231404958677686,36.00944510035419,69.62174940898345,52.88538884283564,73.84887839433294,41.48465171192444
2303,聯電,半導體,154.5,0.6514657980456029,26433551377.175,True,81.5859499733901,20.723684210526315,30.71,2026-08-01,False,32.57575757575758,18.846153846153847,0.028197204932101202,86.5546218487395,6.529343481645178,33.057851239669425,89.25619834710744,68.00472255017709,68.47697756788665,70.56737588652481,65.87262511827308,53.65997638724912,41.484651711924435
6472,保瑞,藥,424.0,0.35502958579882726,254858130.15,True,92.0702501330495,11.611842105263158,59.22,2026-08-01,False,10.638297872340425,-2.528735632183908,0.033756127571505624,61.007194244604314,24.48348420360181,9.681227863046045,33.293978748524204,69.65761511216057,12.868949232585598,89.36170212765957,42.972694616795195,76.50531286894923,41.44037780401416
3665,貿聯-KY,電子零組件,2595.0,6.134969325153383,7691156158.0,True,98.66950505588079,2.8289473684210527,53.99,2026-08-01,False,5.263157894736842,14.823008849557523,-0.0381403135358307,88.26530612244898,-5.133633596617905,4.014167650531287,85.47815820543093,32.1133412042503,72.49114521841794,29.78723404255319,44.77680926423673,73.31759149940969,41.086186540732
2419,仲琦,通信網路,29.7,2.4137931034482696,77520903.24999999,True,96.84921230307577,5.263157894736842,245.59,2026-08-01,False,7.6923076923076925,18.326693227091624,-0.0068596141642142845,78.67549668874172,165.23262244748395,6.316410861865407,88.5478158205431,47.69775678866588,49.35064935064935,98.93617021276596,58.16976060689793,96.81227863046044,40.98288075560803
2243,宏旭-KY,汽車組件,52.6,4.158415841584162,18951892.95,True,90.1685393258427,13.157894736842104,106.44,2026-08-01,False,16.216216216216218,27.20677146311971,-0.09908969652882171,79.6969696969697,87.17517976330697,15.938606847697756,93.86068476977569,14.757969303423849,51.59386068476978,98.22695035460993,54.8756143920554,89.728453364817,40.85005903187721
2834,臺企銀,本國銀行,17.75,0.8522727272727293,857745910.455,True,62.53326237360298,36.08552631578947,8.82,2026-08-01,False,22.22222222222222,7.902735562310036,-0.001522656970099046,94.66666666666667,2.454547543827953,22.786304604486425,76.50531286894923,50.29515938606848,87.36717827626919,58.86524822695035,59.16384067254474,27.863046044864227,40.37780401416765
1301,台塑,石化,68.1,5.417956656346745,1942973214.5300002,True,73.52132049518569,27.56578947368421,6.79,2026-08-01,False,16.666666666666664,8.612440191387547,0.08833256959932018,100.0,3.831982548898794,16.587957497048407,78.04014167650531,85.9504132231405,98.46517119244392,62.29314420803782,68.26736555943519,24.14403778040142,40.289256198347104
3537,堡達,電子通路,53.3,1.330798479087436,11664533.785000002,True,50.931346460883454,46.11842105263158,6.6,2026-08-01,False,46.15384615384615,-5.160142348754458,0.1118950225301199,59.48660714285714,-7.416365744039986,47.756788665879576,21.251475796930343,90.08264462809917,10.38961038961039,25.059101654846334,38.90792422707317,23.96694214876033,40.21546635182999
6218,豪勉,資訊服務,61.9,-2.0569620253164667,302976924.08250004,True,83.17054845980466,19.342105263157894,52.85,2026-08-01,False,6.382978723404255,52.08845208845207,0.025735339846739928,91.43279172821269,18.985747369152826,5.135773317591499,98.46517119244392,66.23376623376623,80.16528925619835,85.69739952718676,67.13947990543736,72.84533648170012,39.92030696576151
2454,聯發科,半導體,4920.0,0.20366598778003286,43630920312.5,True,99.73390101117616,1.348684210526316,44.08,2026-08-01,False,2.272727272727273,23.462986198243414,0.06865169860622328,93.09366130558183,24.400621579008043,1.1806375442739079,92.20779220779221,81.46399055489965,84.06139315230224,89.12529550827422,69.60782179350845,66.11570247933885,39.7874852420307
5465,富驊,電子零組件,33.05,-4.755043227665723,28588499.820000004,True,67.64236295902076,32.03947368421053,-4.37,2026-08-01,False,51.31578947368421,37.136929460580895,0.006329676853043517,95.24495677233428,10.735147932235723,53.36481700118064,96.69421487603306,56.31641086186541,88.66587957497049,78.72340425531915,74.75294531387375,12.278630460448642,39.403778040141674
6257,矽格,半導體,254.0,7.3995771670190225,2963143406.175,True,96.54071314529004,5.723684210526316,28.58,2026-08-01,False,9.848484848484848,15.981735159817351,0.096304488040573,93.04029304029304,3.180135274738305,9.090909090909092,86.65879574970484,87.60330578512396,83.47107438016529,61.46572104018912,65.65796120921847,51.00354191263282,39.226682408500594
3035,智原,半導體,210.5,0.23809523809523725,850123987.125,True,96.22139435870145,6.0855263157894735,29.88,2026-08-01,False,12.121212121212121,16.62049861495845,0.12322215789672045,90.34334763948499,7.740402171272059,11.570247933884298,87.2491145218418,91.73553719008265,78.39433293978747,73.1678486997636,68.42341625707198,52.5383707201889,38.81345926800472
2887,台新新光金,金融控股,41.95,0.3588516746411585,2502921310.285,True,78.81852048962213,23.355263157894736,-44.54,2026-08-01,False,46.15384615384615,11.866666666666674,0.03196015344533542,94.48198198198199,-134.31655603917767,47.756788665879576,81.70011806375442,69.0672963400236,86.89492325855961,1.6548463356973995,57.41479453278292,1.6528925619834711,38.65112160566706
2385,群光,光電及I/O,104.5,0.0,293938146.0,True,58.59499733901011,39.473684210526315,-23.13,2026-08-01,False,45.33333333333333,-3.2407407407407405,0.08637369687440731,71.33105802047781,-9.513414047524089,46.162927981109796,28.92561983471074,85.24203069657615,32.1133412042503,20.685579196217493,42.6258997825729,4.8406139315230226,38.54781582054309
3380,明泰,通信網路,32.15,1.7405063291139111,131446532.29250002,True,95.57344064386318,6.907894736842106,66.88,2026-08-01,False,13.461538461538462,14.209591474245117,-0.07074933657100166,77.37665463297232,43.48230017383226,12.987012987012985,85.00590318772137,21.95985832349469,46.04486422668241,95.0354609929078,52.20661994356385,79.81109799291617,38.45926800472255
1560,中砂,半導體,963.0,0.7322175732217495,1863334581.9,True,99.89356040447046,0.39473684210526316,30.38,2026-08-01,False,0.7575757575757576,38.56115107913669,0.12121516343977352,99.1761071060762,5.935737392719055,0.11806375442739078,96.81227863046044,91.49940968122786,96.22195985832349,69.03073286052009,70.73648895699185,53.128689492325854,38.164108618654076
3338,泰碩,電子零組件,68.0,0.14727540500736325,32079104.050000004,True,99.68068121341139,1.5789473684210527,62.0,2026-08-01,False,2.9605263157894735,5.919003115264792,0.06414218861484085,76.66290868094701,21.18679253361909,1.948051948051948,72.25501770956316,80.6375442739079,44.62809917355372,87.11583924349881,57.31691046971512,78.27626918536009,38.14935064935065
3455,由田,電子設備,267.0,0.0,617176178.025,True,95.68919638105375,6.776315789473684,22.43,2026-08-01,False,10.38961038961039,5.118110236220472,-0.0038182905322406142,86.12903225806451,28.085201990821535,9.327036599763874,68.94923258559622,48.17001180637544,67.88665879574971,90.78014184397163,57.022616326291384,44.214876033057855,38.1198347107438
2515,中工,營造,11.9,0.8474576271186418,61043002.325,True,31.931878658861095,60.85526315789473,28.84,2026-08-01,False,26.666666666666668,-0.4184100418409953,0.00895439026129233,65.02732240437157,28.097435231726312,26.977567886658793,44.98229043683589,57.969303423848885,19.244391971664697,90.89834515366431,48.01437977453452,51.2396694214876,38.1198347107438
3580,友威科,電子設備,110.5,-0.45045045045044585,113983362.455,True,98.19052687599788,3.4868421052631575,26.86,2026-08-01,False,5.194805194805195,34.26488456865128,0.0010640699429457418,97.78761061946902,28.6319196145556,3.778040141676505,95.74970484061393,52.18417945690673,94.21487603305785,91.13475177304964,67.41231044906093,49.70484061393152,37.98701298701299
3624,光頡,電子零組件,137.5,-1.7857142857142905,2883760890.87,True,90.95263437998936,12.43421052631579,65.76,2026-08-01,False,21.710526315789476,49.78213507625273,-0.011248989064298182,77.90368271954674,19.845619181885105,22.195985832349468,98.11097992916174,45.92680047225502,47.4616292798111,86.52482269503547,60.04404364172255,79.5749704840614,37.78040141676505
3402,漢科,電子設備,136.0,3.8167938931297662,31528619.35,True,95.90207557211282,6.513157894736842,32.84,2026-08-01,False,9.090909090909092,11.020408163265307,0.19968683465807371,86.07594936708861,-0.331014309278153,8.087367178276269,80.40141676505313,97.63872491145219,67.65053128689492,47.39952718676123,60.23551346568755,55.31286894923259,37.66233766233766
6643,M31,半導體,555.0,9.90099009900991,425704919.325,True,96.23842592592592,5.9868421052631575,73.08,2026-08-01,False,11.363636363636363,27.002288329519452,0.012678318469417508,79.62697274031564,46.82287937297977,10.743801652892563,93.5064935064935,60.2125147579693,51.47579693034239,95.74468085106383,62.33665753975231,81.70011806375442,37.603305785123965
6664,群翊,電子設備,376.0,1.6216216216216273,145519014.975,True,95.15699840340606,7.5,32.28,2026-08-01,False,14.285714285714285,4.58970792767733,0.09583292570528235,78.33333333333333,5.011389880204803,13.754427390791028,66.94214876033058,87.36717827626919,48.40613931523022,65.95744680851064,56.485468110226336,54.78158205430933,37.5
5251,天鉞電,光電及I/O,30.0,0.0,11221023.745000001,True,7.6190476190476195,82.10526315789474,9.69,2026-08-01,False,81.33333333333333,15.606936416184974,0.001233580375823488,67.1892497200448,-4.396989788781646,83.58913813459267,85.71428571428571,52.5383707201889,23.140495867768596,33.09692671394799,55.61584343015677,28.866587957497046,37.47048406139315
4906,正文,通信網路,42.3,5.223880597014907,255846060.95250002,True,95.76897246474144,6.7105263157894735,56.09,2026-08-01,False,11.538461538461538,16.208791208791208,0.03377656985400408,79.2134831460674,28.39202107463578,10.979929161747345,86.77685950413223,69.77567886658795,50.76741440377804,91.01654846335697,61.86328607992051,74.73435655253837,37.426210153482884
6173,信昌電,電子零組件,288.5,-3.025210084033614,5570012679.975,True,97.33901011176157,4.671052631578947,54.27,2026-08-01,False,9.210526315789473,20.711297071129707,0.006221867128961742,82.31098430813124,10.531633578205387,8.382526564344746,91.02715466351829,55.96221959858324,58.32349468713105,78.25059101654847,58.38919730602515,73.84887839433294,37.38193624557262
6275,元山,電子零組件,47.15,1.2889366272824887,10619928.1125,True,72.7728285077951,28.22368421052632,2.36,2026-08-01,False,44.73684210526316,3.1728665207877365,0.10426397108428448,77.54934210526316,4.079651261700912,45.92680047225502,61.511216056670605,88.78394332939787,46.51711924439197,62.88416075650118,61.12464797184333,18.536009445100355,37.367178276269186
6207,雷科,電子設備,151.0,9.818181818181815,993860835.2,True,96.54071314529004,5.723684210526316,35.81,2026-08-01,False,7.792207792207792,36.03603603603604,-0.02222064170261322,91.23867069486404,22.606693099269812,6.6115702479338845,96.22195985832349,38.84297520661157,80.04722550177095,88.0614657210402,61.957039307136014,58.67768595041323,37.278630460448646
3605,宏致,電子零組件,170.5,-6.57534246575342,3049279672.225,True,90.7065563335455,12.828947368421053,17.24,2026-08-01,False,23.026315789473685,30.15267175572519,0.0058630689950023435,92.91553133514986,-8.378949601191252,23.140495867768596,94.56906729634002,55.608028335301064,83.11688311688312,22.81323877068558,55.849542677395675,37.1900826446281,37.21959858323495
5225,東科-KY,消費性電子,55.4,0.1808318264014508,13825239.465000004,True,58.69420386409061,39.4078947368421,-8.97,2026-08-01,False,47.368421052631575,-8.429752066115705,0.14082525770363355,48.81057268722467,-15.637813401955917,48.701298701298704,12.396694214876034,93.5064935064935,2.833530106257379,14.184397163120568,34.32448273840923,9.563164108618654,37.175324675324674
6715,嘉基,電子零組件,442.0,-2.212389380530977,790560854.6,True,99.45487583282859,1.9736842105263157,113.02,2026-08-01,False,4.605263157894736,25.035360678925034,-0.014907709273601683,77.68014059753953,70.63016516923862,3.4238488783943333,92.79811097992916,43.80165289256198,46.75324675324675,97.28132387706856,56.81163667624016,91.02715466351829,37.10153482880755
5536,聖暉*,電子設備,919.0,1.8847006651884657,729460260.75,True,85.4709952102182,17.36842105263158,44.54,2026-08-01,False,33.76623376623377,5.510907003444316,-0.1110232442539029,64.0418118466899,20.256255132204156,34.828807556080285,70.4840613931523,12.278630460448642,17.237308146399055,86.7612293144208,44.31800737410022,66.7060212514758,37.07201889020071
6148,驊宏資,資訊服務,38.1,-1.0389610389610393,140755180.0075,True,88.23842469398616,15.263157894736842,95.4,2026-08-01,False,2.127659574468085,34.62897526501767,-0.001864048556592143,81.2366737739872,87.77003007093843,1.0035419126328218,95.86776859504133,49.94096812278631,55.01770956316411,98.3451536643026,60.03502837158544,87.48524203069657,36.90968122786305
4903,聯光通,通信網路,42.9,0.23364485981309802,132817512.82000001,True,24.46808510638298,67.10526315789474,-51.78,2026-08-01,False,78.84615384615384,16.734693877551017,0.014570139571265165,80.6390977443609,-22.55968643655264,80.46044864226683,87.36717827626919,61.27508854781583,53.71900826446281,9.574468085106384,58.479238363184194,0.8264462809917356,36.90968122786305
6291,沛亨,半導體,500.0,0.2004008016031955,945052394.25,True,70.63326374391093,29.80263157894737,33.42,2026-08-01,False,45.45454545454545,24.84394506866417,-0.020947085235800744,73.6377025036819,-8.532240827251165,46.45808736717827,92.68004722550177,40.25974025974026,37.78040141676505,22.458628841607563,47.92738102215858,56.08028335301063,36.90968122786305
2892,第一金,金融控股,38.65,0.12953367875647714,1163263213.76,True,96.91325172964342,5.197368421052632,13.9,2026-08-01,False,7.6923076923076925,12.354651162790699,0.30381688579582966,94.84662576687116,5.233336815613798,6.316410861865407,82.29043683589138,99.52774498229043,87.95749704840614,67.25768321513003,68.66995458871668,33.76623376623377,36.437426210153475
3532,台勝科,半導體,471.0,3.7444933920704804,3254461161.3,True,97.71154869611496,4.111842105263158,29.28,2026-08-01,False,5.681818181818182,18.045112781954884,0.02118940949916677,90.05736137667304,2.0261793138070665,4.427390791027155,88.19362455726092,63.400236127508855,76.97756788665879,56.85579196217494,57.97092226492613,51.82998819362455,36.260330578512395
1563,巧新,汽車組件,75.6,-0.6570302233902758,55808685.435,True,87.32638888888889,16.18421052631579,2.46,2026-08-01,False,27.027027027027028,19.99999999999999,-0.018408180834845782,95.0943396226415,-9.490579319353998,27.390791027154666,90.08264462809917,41.44037780401417,88.19362455726092,20.803782505910164,53.58224410448781,18.654073199527748,36.038961038961034
3529,力旺,半導體,3305.0,0.0,4601240022.0,True,72.21926556679085,28.815789473684212,42.77,2026-08-01,False,43.18181818181818,30.118110236220474,-0.06986310223517948,70.24442082890542,4.908327961715017,43.91971664698938,94.45100354191264,22.195985832349468,29.515938606847698,65.48463356973994,51.113455639567825,65.05312868949233,36.009445100354185
2520,冠德,建設,36.5,-1.3513513513513487,58333358.69,True,78.69660460021906,23.61842105263158,-26.5,2026-08-01,False,14.035087719298245,3.399433427762048,0.011104789407516424,95.17601043024771,-33.616294351934606,13.45926800472255,62.573789846517116,58.67768595041323,88.42975206611571,6.028368794326241,45.83377293241897,4.545454545454546,35.96517119244392
4968,立積,半導體,96.6,4.094827586206895,27199423.93,True,14.408460013218772,75.78947368421053,-2.44,2026-08-01,False,88.63636363636364,4.999999999999994,0.19934963058909633,58.01801801801801,-0.7202699434906681,89.13813459268005,68.59504132231406,97.52066115702479,9.445100354191263,46.45390070921986,62.230567627085996,13.81345926800472,35.950413223140494
4128,中天,藥,15.35,2.3333333333333206,14215165.6125,True,20.72072072072072,70.39473684210526,-1.29,2026-08-01,False,53.191489361702125,0.32679738562090804,0.14797037017975467,67.17724288840262,-3.872742859821128,54.66351829988194,49.46871310507674,94.09681227863047,23.022432113341203,34.2789598108747,51.10608712156101,14.87603305785124,35.77331759149941
8111,立碁,光電及I/O,79.3,-0.5018820577164407,1264887271.81,True,80.62799361362427,21.44736842105263,-8.8,2026-08-01,False,32.0,27.083333333333332,-0.011559845972958087,98.02224969097651,0.3237880169128058,32.349468713105075,93.6245572609209,45.80873671782763,94.68713105076742,49.527186761229316,63.199416100770065,9.681227863046045,35.773317591499406
1514,亞力,電機製品,102.5,0.4901960784313708,110979389.825,True,64.0234167110165,34.473684210526315,-26.52,2026-08-01,False,45.45454545454545,-2.380952380952381,0.09864550441450934,68.56187290969899,-33.08085576252097,46.45808736717827,33.76623376623377,88.07556080283354,25.97402597402597,6.264775413711583,40.10773666479663,4.368358913813459,35.75855962219598
3297,杭特,光電及I/O,32.6,-0.7610350076103556,15240321.429999998,True,5.642023346303502,83.55263157894737,10.48,2026-08-01,False,86.66666666666667,18.115942028985508,-0.0013434821256920586,60.258780036968574,-14.407314449047753,87.48524203069657,88.31168831168831,50.531286894923255,11.452184179456907,16.07565011820331,50.771210306993666,29.634002361275087,35.06493506493506
7711,永擎,電腦及週邊,560.0,2.564102564102555,863809212.05,True,54.32692307692307,43.15789473684211,1.66,2026-08-01,False,38.983050847457626,14.989733059548255,-0.03457606458101727,84.84848484848484,-141.2107245082068,40.37780401416765,85.59622195985833,33.41204250295159,65.4073199527745,1.3002364066193852,45.2187249672743,17.591499409681226,34.44510035419126
5347,世界,半導體,181.0,1.4005602240896309,2712438453.45,True,97.71154869611496,4.111842105263158,40.48,2026-08-01,False,5.681818181818182,18.30065359477124,0.1232477670155769,82.27272727272728,5.712823940239083,4.427390791027155,88.42975206611571,91.85360094451003,58.20543093270366,68.43971631205675,62.27117820928267,62.8099173553719,34.253246753246756
2033,佳大,基本金屬,42.35,10.000000000000009,79280683.87750001,True,88.60319666435025,14.868421052631579,9.66,2026-08-01,False,9.75609756097561,65.10721247563355,0.01166547526208661,100.0,21.548429546670025,8.972845336481699,99.17355371900827,59.50413223140496,98.46517119244392,87.35224586288416,70.6935896684446,28.57142857142857,34.208972845336476
6235,華孚,電子零組件,39.1,0.6435006435006496,11056585.790000001,True,65.15892420537898,33.75,7.3,2026-08-01,False,54.60526315789473,0.5141388174807271,0.17557039534729732,51.04438642297651,5.545540072419328,57.14285714285714,50.649350649350644,96.34002361275088,4.4864226682408495,68.08510638297872,55.34075209123565,25.6198347107438,34.149940968122785
3031,佰鴻,光電及I/O,30.8,-1.4399999999999968,78008233.38000001,True,99.89356040447046,0.39473684210526316,27.82,2026-08-01,False,2.666666666666667,24.69635627530365,-0.01653554817057924,89.27536231884058,-5.179737081747497,1.6528925619834711,92.44391971664699,42.502951593860686,75.08854781582053,29.432624113475175,48.224187160357374,50.413223140495866,33.67768595041322
6538,倉和,光電及I/O,356.0,-0.6973500697350032,767315660.4,True,97.75342465753425,3.9473684210526314,55.67,2026-08-01,False,8.0,78.0,0.035927905782784604,79.91021324354658,0.4904942375886563,6.8476977567886665,99.52774498229043,70.72018890200708,52.066115702479344,50.35460992907801,55.903271454528706,74.61629279811099,33.50059031877214
2352,佳世達,光電及I/O,29.65,2.2413793103448265,133410738.1575,True,96.54071314529004,5.723684210526316,11.82,2026-08-01,False,9.333333333333334,5.141843971631204,0.1038093681114752,83.75706214689266,6.7098262853367805,8.500590318772137,69.0672963400236,88.42975206611571,62.8099173553719,71.15839243498819,59.993189703054306,31.40495867768595,33.41204250295159
4951,精拓科,半導體,91.5,1.4412416851441234,51518076.555,True,32.097457627118644,60.59210526315789,3.16,2026-08-01,False,78.78787878787878,15.676359039190906,-0.04852170730172693,65.35714285714286,6.292221062910498,80.28335301062573,85.9504132231405,28.92561983471074,19.71664698937426,69.8581560283688,56.946837817244,19.126328217237308,33.2939787485242
3717,聯嘉投控,汽車組件,27.7,-0.5385996409335791,200456089.6575,True,95.23809523809523,7.368421052631578,10.01,2026-08-01,False,8.108108108108109,19.139784946236556,0.03049624562522566,94.37819420783646,,6.965761511216057,89.6103896103896,68.47697756788665,86.42266824085006,,62.86894923258559,29.043683589138137,33.20543093270366
2891,中信金,金融控股,68.4,-0.4366812227074246,2298862482.215,True,94.89089941458222,7.9605263157894735,-32.01,2026-08-01,False,15.384615384615385,6.211180124223602,0.10595843647817993,94.47513812154696,-9.232593972510696,15.171192443919718,72.96340023612751,89.13813459268005,86.77685950413223,21.04018912529551,57.01795518043101,3.3057851239669422,33.07260920897285
1565,精華,醫療耗材,96.5,0.6256517205422307,10883486.18,True,19.904204364023418,71.11842105263158,-12.47,2026-08-01,False,37.83783783783784,-1.3292433537832282,0.1379291915607615,68.43971631205675,0.6839570054187298,39.25619834710744,40.85005903187721,93.27036599763872,25.6198347107438,51.41843971631206,50.08297956073584,8.146399055489963,33.043093270366
3615,安可,光電及I/O,45.8,9.963985594237702,36360446.795,True,8.997632202052092,80.46052631578947,-46.65,2026-08-01,False,78.66666666666666,20.367936925098558,0.011489717859508197,75.20525451559934,-5.749251881007851,80.04722550177095,90.67296340023613,59.031877213695395,40.49586776859504,28.723404255319153,59.79426762792333,1.4167650531286895,32.82172373081464
2061,風青,電纜,59.8,0.6734006734006703,115868517.575,True,58.9655172413793,39.078947368421055,42.42,2026-08-01,False,18.181818181818183,15.667311411992252,0.0076588822950503024,72.04819277108433,4.02914778372967,18.06375442739079,85.8323494687131,57.02479338842975,34.120425029515935,62.64775413711584,51.537815290233084,64.81700118063755,32.79220779220779
6163,華電網,通信網路,41.7,0.48192771084338837,27131349.619999997,True,62.48004257583821,36.2171052631579,-26.5,2026-08-01,False,44.230769230769226,-3.6951501154734285,0.1320013410645311,56.275303643724705,-55.17484675945852,45.10035419126328,27.390791027154666,92.91617473435655,8.264462809917356,3.7825059101654848,35.49085773457146,4.545454545454546,32.62987012987013
8040,九暘,半導體,98.5,-1.5000000000000013,291852944.37,True,99.71139971139971,1.4473684210526316,54.12,2026-08-01,False,3.0303030303030303,36.23789764868604,-0.051841813102270685,78.8,10.40773258349332,2.125147579693034,96.34002361275088,27.62691853600944,49.94096812278631,78.1323877068558,50.833089111619095,73.49468713105077,32.30519480519481
2328,廣宇,電子零組件,47.55,1.1702127659574346,75201475.8375,True,99.8403406067057,0.756578947368421,19.67,2026-08-01,False,0.9868421052631579,2.038626609442051,0.12846660354034944,77.06645056726093,7.9029624599423585,0.29515938606847697,57.497048406139314,92.56198347107438,45.10035419126328,74.11347517730496,53.91360412637009,40.61393152302244,32.12809917355372
6204,艾華,電子零組件,103.0,0.0,44561690.525,True,93.18786588610963,10.032894736842106,17.03,2026-08-01,False,17.763157894736842,16.51583710407239,0.006765885990691738,82.39999999999999,-2.9007871630097064,17.70956316410862,87.01298701298701,56.78866587957497,58.79574970484062,37.825059101654844,51.62640497263321,36.95395513577332,31.611570247933887
3441,聯一光,消費性電子,184.5,-0.2702702702702675,2180632589.3,True,88.70175438596492,14.736842105263156,0.86,2026-08-01,False,15.789473684210526,41.92307692307693,-0.002367587575690911,95.84415584415584,-28.006370249136207,15.643447461629279,97.28453364817001,49.35064935064935,89.8465171192444,7.5650118203309695,51.9380318800048,16.883116883116884,31.272136953955137
4556,旭然,其他電製品,101.5,9.84848484848484,87131027.265,True,79.47976878612717,22.63157894736842,18.73,2026-08-01,False,37.5,43.767705382436276,-0.002281570703278828,76.60377358490567,-14.80686552470959,38.78394332939787,97.63872491145219,49.586776859504134,43.91971664698938,15.36643026004728,49.059118401478166,38.961038961038966,31.006493506493506
2020,美亞,基本金屬,26.7,9.876543209876543,20058485.765,True,81.63916977115487,20.592105263157894,-37.05,2026-08-01,False,14.634146341463413,22.19679633867276,0.013384663414549377,100.0,-5.15321538488104,14.285714285714285,91.73553719008265,60.68476977567887,98.46517119244392,29.550827423167846,58.944403973417515,2.5974025974025974,30.903187721369537
8064,東捷,電子設備,145.5,2.8268551236749095,1641114930.725,True,77.35958309206717,24.802631578947366,-43.5,2026-08-01,False,51.94805194805194,41.262135922330096,-0.012496394576391012,84.34782608695653,-20.756644867581567,53.8370720188902,97.16646989374263,45.10035419126328,64.58087367178277,10.520094562647754,54.24097286766532,2.0070838252656436,30.814639905548994
5464,霖宏,印刷電路板,88.2,-2.0000000000000018,90600149.20500001,True,99.0139687756779,2.302631578947368,19.56,2026-08-01,False,14.285714285714285,20.656634746922037,-0.06385626222755415,82.04651162790698,-11.721536129932336,13.754427390791028,90.9090909090909,24.20306965761511,57.73317591499409,18.439716312056735,41.00789603690957,40.141676505312866,30.18004722550177
3675,德微,電子零組件,330.0,-1.19760479041916,453245694.25,True,93.45396487493348,9.572368421052632,31.51,2026-08-01,False,17.105263157894736,18.91891891891892,-0.003045139911180781,73.33333333333333,1.0843244147008093,17.237308146399055,89.37426210153482,48.99645808736718,37.1900826446281,53.30969267139481,49.22156073026479,53.8370720188902,29.72255017709563
5309,系統電,汽車組件,62.7,6.091370558375631,148856493.825,True,94.5193929173693,8.355263157894736,27.55,2026-08-01,False,10.81081081081081,15.682656826568264,0.03664581483771222,76.65036674816626,7.236634807107922,9.976387249114522,86.06847697756788,71.07438016528926,44.391971664698936,72.57683215130024,56.81760964159416,50.29515938606848,29.64876033057851
6530,創威,通信網路,104.5,5.025125628140703,292732583.675,True,90.73975518893029,12.763157894736842,10.68,2026-08-01,False,28.846153846153843,20.253164556962016,-0.01592761353936346,78.27715355805243,-2.195041577220124,29.22077922077922,90.43683589138135,42.857142857142854,48.28807556080284,40.543735224586285,50.26931375093851,29.988193624557262,29.265053128689495
5483,中美晶,半導體,207.5,9.788359788359791,2950079140.975,True,85.5885588558856,17.17105263157895,11.68,2026-08-01,False,29.545454545454547,13.079019073569482,0.0999031088100104,74.64028776978418,-3.990261060559435,29.634002361275087,83.47107438016529,88.19362455726092,39.66942148760331,34.04255319148936,55.0021351955588,31.16883116883117,29.250295159386067
2409,友達,光電及I/O,38.55,9.985734664764623,15330664276.8075,True,99.8898678414097,0.5921052631578948,-5.86,2026-08-01,False,4.0,49.12959381044485,0.059537280931825316,100.0,-7.636278837316819,2.833530106257379,97.99291617473436,78.74852420306966,98.46517119244392,24.70449172576832,60.54892668045473,11.80637544273908,28.778040141676502
6147,頎邦,半導體,209.5,0.47961630695443347,9099588735.225,True,96.70037253858436,5.427631578947369,43.61,2026-08-01,False,9.090909090909092,14.794520547945206,0.0029547971264722705,68.57610474631751,6.993926702649063,8.087367178276269,85.36009445100355,53.71900826446281,26.092089728453367,71.8676122931442,49.02523438306804,65.64344746162928,28.61570247933884
8027,鈦昇,電子設備,222.0,9.90099009900991,523979389.45,True,99.91922455573506,0.2631578947368421,37.29,2026-08-01,False,1.2987012987012987,20.0,0.015721702005303515,75.76791808873719,-15.486084434031085,0.47225501770956313,90.25974025974025,61.511216056670605,42.03069657615112,14.420803782505912,41.73894233855549,59.74025974025974,27.99586776859504
6957,裕慶-KY,基本金屬,371.0,9.925925925925917,86888782.25,True,99.81818181818181,0.9210526315789472,-31.15,2026-08-01,False,4.878048780487805,62.00873362445415,0.08789128068149243,100.0,-16.09361017697612,3.659976387249114,98.93742621015348,85.71428571428571,98.46517119244392,13.947990543735225,60.14497000957349,3.4238488783943333,26.652892561983474
6182,合晶,半導體,133.0,9.917355371900815,6937898231.175,True,89.12543153049482,14.276315789473685,19.97,2026-08-01,False,26.515151515151516,20.909090909090907,0.00863306217895003,70.18469656992085,2.310611652242258,26.80047225501771,91.26328217237308,57.6151121605667,29.161747343565526,58.03782505910166,52.57568779812493,41.20425029515938,26.475796930342383
6861,睿生光電,醫療耗材,313.5,10.000000000000009,552362692.775,True,92.84876905041031,10.460526315789474,52.47,2026-08-01,False,2.7027027027027026,62.01550387596899,-0.0439102685953866,67.85714285714286,9.656230446294494,1.770956316410862,99.05548996458087,29.988193624557262,24.675324675324674,76.95035460992908,46.488063838160556,72.60920897284534,25.0
4956,光鋐,光電及I/O,46.5,1.0869565217391353,457624200.95,True,92.09138840070298,11.513157894736842,-15.94,2026-08-01,False,18.666666666666668,25.84573748308524,-0.0004314697672858816,85.0091407678245,-10.598733276879264,18.772136953955133,92.91617473435655,51.47579693034239,65.87957497048406,19.62174940898345,49.733086599624315,6.729634002361275,24.61629279811098
4770,上品,樹脂,282.0,-1.5706806282722474,327866364.375,True,99.48051948051948,1.776315789473684,-29.5,2026-08-01,False,7.142857142857142,31.16279069767442,0.10631445816224054,93.06930693069307,-33.25681041794665,5.667060212514758,94.8051948051948,89.25619834710744,83.58913813459267,6.1465721040189125,55.89283272068572,3.541912632821724,24.49822904368359
7772,耀穎,半導體,176.0,0.0,98012513.8,True,95.95959595959596,6.315789473684211,54.2,2026-08-01,False,12.878787878787879,95.55555555555556,-0.01812131623343663,55.25902668759811,29.84605493471508,12.514757969303425,99.64580873671783,41.79456906729634,7.319952774498228,91.48936170212765,50.5528900499887,73.67178276269185,23.465171192443922
7709,榮田,機械,86.3,-0.23121387283236983,23457990.479999997,True,68.2051282051282,31.57894736842105,18.89,2026-08-01,False,25.71428571428571,21.549295774647884,-0.02983065806371294,64.64419475655431,32.81315601811699,25.97402597402597,91.61747343565526,36.00944510035419,18.654073199527748,92.31678486997636,52.9143605159079,39.55135773317591,23.140495867768593
6221,晉泰,資訊服務,31.0,-5.631659056316596,34727187.945,True,40.28738690792975,54.40789473684211,21.48,2026-08-01,False,36.17021276595745,42.85714285714286,0.03078733723512484,56.88073394495413,38.48124293617275,37.01298701298701,97.52066115702479,68.71310507674144,8.618654073199528,93.97163120567376,61.167407705125314,43.32939787485242,22.86009445100354
1809,中釉,玻璃陶瓷,47.85,6.333333333333346,184476849.5125,True,72.46248896734335,28.48684210526316,-4.13,2026-08-01,False,16.666666666666664,20.528967254408055,-0.02138824386360107,80.28523489932886,-0.971838314840809,16.587957497048407,90.79102715466351,39.7874852420307,52.77449822904369,44.2080378250591,48.829801189569075,12.514757969303425,22.771546635183
6620,漢達,藥,141.0,3.6764705882353033,537294105.4350001,True,98.36956521739131,3.289473684210526,-79.92,2026-08-01,False,4.25531914893617,66.86390532544378,0.02767238330793188,93.68770764119601,-46.22590571495959,3.010625737898465,99.29161747343565,67.65053128689492,85.47815820543093,4.25531914893617,51.93725037051922,0.47225501770956313,22.417355371900825
2468,華經,資訊服務,45.5,-1.1943539630835942,259355163.8575,True,83.02288451303885,19.539473684210527,-28.59,2026-08-01,False,8.51063829787234,34.21828908554573,0.0029564384595169493,87.5,-40.951319400240465,7.4970484061393154,95.51357733175915,53.8370720188902,71.01534828807556,5.08274231678487,46.58915767232982,3.659976387249114,21.66469893742621
6683,雍智科技,半導體,1590.0,7.796610169491536,2103036153.5,True,94.97515184980674,7.7631578947368425,25.74,2026-08-01,False,15.909090909090908,32.5,-0.023565173969257662,61.98830409356725,0.852159691380038,15.820543093270366,94.9232585596222,38.488783943329395,14.285714285714285,51.89125295508275,43.081910567403796,48.28807556080284,20.867768595041323
6873,泓德能源,光電及I/O,68.4,0.7363770250368162,15330612.475,True,97.81105990783409,3.8815789473684212,-27.72,2026-08-01,False,6.666666666666667,-2.7027027027026906,0.11836099675769675,49.38628158844766,-29.77401726877147,5.430932703659976,32.585596221959854,91.1452184179457,3.4238488783943333,6.8557919621749415,27.888277636826963,3.896103896103896,20.041322314049587
3021,鴻名,電子零組件,28.45,-3.8851351351351426,29001606.21,True,84.7791378392762,18.026315789473685,-14.0,2026-08-01,False,32.89473684210527,40.147783251231516,-0.003448802644724971,71.125,-2.4259809357352164,33.293978748524204,97.04840613931523,48.52420306965762,31.641086186540733,39.71631205673759,50.044797240155084,7.201889020070838,18.772136953955133
8240,華宏,光電及I/O,57.3,5.137614678899083,79931405.82,True,94.99733901011176,7.697368421052632,-12.59,2026-08-01,False,12.0,27.901785714285715,-0.06371286070118518,76.6042780748663,-3.2531988499635567,11.452184179456907,94.21487603305785,24.439197166469896,44.03778040141677,36.17021276595745,42.06285010927177,8.028335301062574,17.3258559622196
6925,意藍,資訊服務,73.8,-1.6000000000000014,25063740.740000002,True,40.54878048780488,54.276315789473685,-4.41,2026-08-01,False,34.04255319148936,44.9901768172888,0.011580343527318552,55.90909090909091,-2.8458344159678752,35.12396694214876,97.75678866587958,59.268004722550174,7.851239669421488,38.061465721040186,47.61229314420804,12.160566706021251,14.34474616292798
